<?xml version="1.0" encoding="us-ascii"?>
<ConfigurationData>
   <CommunicationParameters
      Port="COM3"
      Baud="9600"
      PacketFrequency="5.0"
      PacketTimeout="1.0"
      CommunicationsType="1"
      UserFrequency="5.0"
      UserTimeout="1.0"
      NamedPort=""
   />

   <ConfigurationParameters
      Filename="C:\Users\cxh002\Desktop\RGA CONFIG FILES\rga_working_cal.cfg"
      Description="Air Leak + PTA"
      TimeStamp="07e5000200040012000f0002001b00fb"
      DateTime="2/18/2021 3:02:27 PM"
      Caption="6507"
      Serial="6507"
      Model="300"
   />

   <ScanParameters
      ScanSpeed="48"
      LowMass="1"
      HighMass="120"
      SamplesPerAMU="6"
   />

   <OperatingParameters
      Mode="Mass sweep"
      Focus1="-20"
      Focus2="-68"
      ElectronEnergy="70"
      FilamentEmission="2.0"
      AutoZero="Off"
      ScanMode="Sweep"
      Filament="1"
      PressureUnits="Pascal"
      EnableElectronMultiplier="0"
      MultiplierVoltage="1095"
      FilamentForceOffStartup="1"
   />

   <CalibrationParameters
      LowCalMass="1"
      LowCalResolution="572"
      LowCalPosition="0.44"
      LowCalIonEnergy="5.0"
      HighCalMass="300"
      HighCalResolution="1670"
      HighCalPosition="0.40"
      HighCalIonEnergy="5.0"
      TotalAmpOffset="2000"
      PartialAmpOffset="2475"
      TotalIntegratingCap="10.00"
      PartialIntegratingCap="3.00"
      RFSettleTime="50"
      SWSettleTime="10"
      Pirani1ATM="1.98700"
      PiraniZero="0.31300"
      PiraniAutoRecalibrate="0"
      PartialSensitivity="6.00e-004"
      TotalSensitivity="1.00e+001"
      debug="0"
   />

   <LogFileParameters
      Mode="2"
      FileName=""
      DirectoryName="C:\Users\cxh002\Desktop\rga_data"
      CreationOption="0"
      NSweeps="1"
      FileRecordingOn="1"
   />


   <PrintingParameters
      InvertColors="1"
      ShowConfigurationFile="1"
      ShowDescription="1"
      ShowTotalPressure="1"
      ShowPiraniPressure="1"
      DateFormat=""
      TimeFormat=""
   />


   <WindowParameters>
       <Frame
            flags="2"
            showCmd="3"
            ptMinPosition.x="-1"
            ptMinPosition.y="-1"
            ptMaxPosition.x="-8"
            ptMaxPosition.y="-31"
            rcNormalPosition.left="26"
            rcNormalPosition.top="68"
            rcNormalPosition.right="910"
            rcNormalPosition.bottom="417"
       />
       <Setup
            flags="0"
            showCmd="1"
            ptMinPosition.x="-1"
            ptMinPosition.y="-1"
            ptMaxPosition.x="-1"
            ptMaxPosition.y="-1"
            rcNormalPosition.left="659"
            rcNormalPosition.top="50"
            rcNormalPosition.right="1362"
            rcNormalPosition.bottom="610"
       />
       <Main
            flags="2"
            showCmd="3"
            ptMinPosition.x="-1"
            ptMinPosition.y="-1"
            ptMaxPosition.x="-1"
            ptMaxPosition.y="-1"
            rcNormalPosition.left="26"
            rcNormalPosition.top="26"
            rcNormalPosition.right="1051"
            rcNormalPosition.bottom="551"
       />
   </WindowParameters>

   <PlotParameters
      BkColor="Silver"
      LineColor="Teal"
      ScanColor="Black"
      MouseWheel="0"
      LogYAxis="1"
   />

</ConfigurationData>
2021/02/19 02:03:27.801,    0.667,  3.4608e-006,
2021/02/19 02:03:27.821,    0.833,  3.3887e-006,
2021/02/19 02:03:27.842,    1.000,  3.1883e-006,
2021/02/19 02:03:27.863,    1.167,  3.3987e-006,
2021/02/19 02:03:27.884,    1.333,  3.6670e-006,
2021/02/19 02:03:27.905,    1.500,  3.4655e-006,
2021/02/19 02:03:27.926,    1.667,  3.4406e-006,
2021/02/19 02:03:27.946,    1.833,  3.4583e-006,
2021/02/19 02:03:27.967,    2.000,  3.2974e-006,
2021/02/19 02:03:27.988,    2.167,  2.7842e-006,
2021/02/19 02:03:28.009,    2.333,  2.0354e-006,
2021/02/19 02:03:28.030,    2.500,  1.1260e-006,
2021/02/19 02:03:28.051,    2.667,  5.3054e-009,
2021/02/19 02:03:28.071,    2.833,  6.4889e-009,
2021/02/19 02:03:28.092,    3.000,  2.9012e-009,
2021/02/19 02:03:28.113,    3.167,  6.5569e-009,
2021/02/19 02:03:28.134,    3.333,  4.8733e-009,
2021/02/19 02:03:28.155,    3.500,  5.9777e-009,
2021/02/19 02:03:28.176,    3.667,  3.4678e-009,
2021/02/19 02:03:28.196,    3.833,  5.0155e-009,
2021/02/19 02:03:28.217,    4.000,  6.2320e-010,
2021/02/19 02:03:28.238,    4.167,  1.5050e-009,
2021/02/19 02:03:28.259,    4.333,  3.0492e-009,
2021/02/19 02:03:28.280,    4.500,  5.3092e-009,
2021/02/19 02:03:28.301,    4.667,  0.0000e+000,
2021/02/19 02:03:28.321,    4.833,  4.3560e-009,
2021/02/19 02:03:28.342,    5.000,  2.7651e-010,
2021/02/19 02:03:28.363,    5.167,  3.3179e-009,
2021/02/19 02:03:28.384,    5.333,  2.6303e-009,
2021/02/19 02:03:28.405,    5.500,  2.8994e-009,
2021/02/19 02:03:28.426,    5.667,  6.1949e-009,
2021/02/19 02:03:28.446,    5.833,  8.0660e-010,
2021/02/19 02:03:28.467,    6.000,  0.0000e+000,
2021/02/19 02:03:28.488,    6.167,  0.0000e+000,
2021/02/19 02:03:28.509,    6.333,  0.0000e+000,
2021/02/19 02:03:28.530,    6.500,  1.9153e-009,
2021/02/19 02:03:28.551,    6.667,  1.0870e-009,
2021/02/19 02:03:28.571,    6.833,  3.8836e-010,
2021/02/19 02:03:28.592,    7.000,  6.2286e-009,
2021/02/19 02:03:28.613,    7.167,  3.1214e-009,
2021/02/19 02:03:28.634,    7.333,  1.2946e-009,
2021/02/19 02:03:28.655,    7.500,  5.7559e-009,
2021/02/19 02:03:28.676,    7.667,  2.7465e-009,
2021/02/19 02:03:28.696,    7.833,  8.0466e-009,
2021/02/19 02:03:28.717,    8.000,  3.9920e-009,
2021/02/19 02:03:28.738,    8.167,  5.4076e-009,
2021/02/19 02:03:28.759,    8.333,  4.3462e-009,
2021/02/19 02:03:28.780,    8.500,  1.9691e-009,
2021/02/19 02:03:28.801,    8.667,  5.0971e-009,
2021/02/19 02:03:28.821,    8.833,  5.2279e-009,
2021/02/19 02:03:28.842,    9.000,  2.1326e-009,
2021/02/19 02:03:28.863,    9.167,  2.5755e-009,
2021/02/19 02:03:28.884,    9.333,  5.0808e-009,
2021/02/19 02:03:28.905,    9.500,  0.0000e+000,
2021/02/19 02:03:28.926,    9.667,  4.8829e-009,
2021/02/19 02:03:28.946,    9.833,  6.8524e-009,
2021/02/19 02:03:28.967,   10.000,  3.5415e-009,
2021/02/19 02:03:28.988,   10.167,  1.7826e-009,
2021/02/19 02:03:29.009,   10.333,  2.8795e-009,
2021/02/19 02:03:29.030,   10.500,  2.2361e-009,
2021/02/19 02:03:29.051,   10.667,  5.2877e-009,
2021/02/19 02:03:29.071,   10.833,  0.0000e+000,
2021/02/19 02:03:29.092,   11.000,  2.0953e-009,
2021/02/19 02:03:29.113,   11.167,  3.4951e-009,
2021/02/19 02:03:29.134,   11.333,  4.8608e-009,
2021/02/19 02:03:29.155,   11.500,  3.4055e-009,
2021/02/19 02:03:29.176,   11.667,  1.8769e-008,
2021/02/19 02:03:29.196,   11.833,  2.3592e-008,
2021/02/19 02:03:29.217,   12.000,  2.6779e-008,
2021/02/19 02:03:29.238,   12.167,  1.9544e-008,
2021/02/19 02:03:29.259,   12.333,  1.6583e-008,
2021/02/19 02:03:29.280,   12.500,  8.6142e-009,
2021/02/19 02:03:29.301,   12.667,  7.9956e-009,
2021/02/19 02:03:29.321,   12.833,  1.2125e-008,
2021/02/19 02:03:29.342,   13.000,  1.0242e-008,
2021/02/19 02:03:29.363,   13.167,  1.0341e-008,
2021/02/19 02:03:29.384,   13.333,  1.8696e-008,
2021/02/19 02:03:29.405,   13.500,  6.8910e-009,
2021/02/19 02:03:29.426,   13.667,  1.9427e-008,
2021/02/19 02:03:29.446,   13.833,  1.8450e-008,
2021/02/19 02:03:29.467,   14.000,  1.9103e-008,
2021/02/19 02:03:29.488,   14.167,  2.1502e-008,
2021/02/19 02:03:29.509,   14.333,  2.2371e-008,
2021/02/19 02:03:29.530,   14.500,  1.0442e-008,
2021/02/19 02:03:29.551,   14.667,  5.3707e-008,
2021/02/19 02:03:29.571,   14.833,  8.1981e-008,
2021/02/19 02:03:29.592,   15.000,  7.7786e-008,
2021/02/19 02:03:29.613,   15.167,  7.1465e-008,
2021/02/19 02:03:29.634,   15.333,  6.2418e-008,
2021/02/19 02:03:29.655,   15.500,  3.2276e-008,
2021/02/19 02:03:29.676,   15.667,  4.5523e-008,
2021/02/19 02:03:29.696,   15.833,  7.4977e-008,
2021/02/19 02:03:29.717,   16.000,  7.6388e-008,
2021/02/19 02:03:29.738,   16.167,  7.5183e-008,
2021/02/19 02:03:29.759,   16.333,  6.0240e-008,
2021/02/19 02:03:29.780,   16.500,  2.9579e-008,
2021/02/19 02:03:29.801,   16.667,  5.3931e-009,
2021/02/19 02:03:29.821,   16.833,  8.6716e-009,
2021/02/19 02:03:29.842,   17.000,  9.8002e-009,
2021/02/19 02:03:29.863,   17.167,  1.1069e-008,
2021/02/19 02:03:29.884,   17.333,  5.4692e-009,
2021/02/19 02:03:29.905,   17.500,  5.9155e-009,
2021/02/19 02:03:29.926,   17.667,  1.4510e-008,
2021/02/19 02:03:29.946,   17.833,  1.8116e-008,
2021/02/19 02:03:29.967,   18.000,  1.8448e-008,
2021/02/19 02:03:29.988,   18.167,  1.3930e-008,
2021/02/19 02:03:30.009,   18.333,  1.1583e-008,
2021/02/19 02:03:30.030,   18.500,  3.1587e-009,
2021/02/19 02:03:30.051,   18.667,  2.7230e-009,
2021/02/19 02:03:30.071,   18.833,  4.4830e-009,
2021/02/19 02:03:30.092,   19.000,  3.5955e-009,
2021/02/19 02:03:30.113,   19.167,  5.6637e-009,
2021/02/19 02:03:30.134,   19.333,  8.4490e-009,
2021/02/19 02:03:30.155,   19.500,  1.6465e-008,
2021/02/19 02:03:30.176,   19.667,  8.5686e-008,
2021/02/19 02:03:30.196,   19.833,  1.0362e-007,
2021/02/19 02:03:30.217,   20.000,  1.1635e-007,
2021/02/19 02:03:30.238,   20.167,  1.0364e-007,
2021/02/19 02:03:30.259,   20.333,  7.3744e-008,
2021/02/19 02:03:30.280,   20.500,  2.4625e-009,
2021/02/19 02:03:30.301,   20.667,  2.1458e-009,
2021/02/19 02:03:30.321,   20.833,  6.7347e-009,
2021/02/19 02:03:30.342,   21.000,  2.8430e-009,
2021/02/19 02:03:30.363,   21.167,  3.5400e-009,
2021/02/19 02:03:30.384,   21.333,  3.9822e-009,
2021/02/19 02:03:30.405,   21.500,  2.3710e-010,
2021/02/19 02:03:30.426,   21.667,  5.2192e-009,
2021/02/19 02:03:30.446,   21.833,  4.9038e-009,
2021/02/19 02:03:30.467,   22.000,  1.4661e-009,
2021/02/19 02:03:30.488,   22.167,  1.3113e-009,
2021/02/19 02:03:30.509,   22.333,  2.8730e-009,
2021/02/19 02:03:30.530,   22.500,  0.0000e+000,
2021/02/19 02:03:30.551,   22.667,  1.6881e-009,
2021/02/19 02:03:30.571,   22.833,  2.4307e-009,
2021/02/19 02:03:30.592,   23.000,  3.5836e-009,
2021/02/19 02:03:30.613,   23.167,  2.4706e-009,
2021/02/19 02:03:30.634,   23.333,  2.5844e-009,
2021/02/19 02:03:30.655,   23.500,  3.7794e-009,
2021/02/19 02:03:30.676,   23.667,  5.4732e-009,
2021/02/19 02:03:30.696,   23.833,  7.3402e-009,
2021/02/19 02:03:30.717,   24.000,  7.5303e-009,
2021/02/19 02:03:30.738,   24.167,  6.8473e-009,
2021/02/19 02:03:30.759,   24.333,  2.4398e-009,
2021/02/19 02:03:30.780,   24.500,  6.2037e-009,
2021/02/19 02:03:30.801,   24.667,  9.5996e-009,
2021/02/19 02:03:30.821,   24.833,  1.0467e-008,
2021/02/19 02:03:30.842,   25.000,  8.4620e-009,
2021/02/19 02:03:30.863,   25.167,  5.2935e-009,
2021/02/19 02:03:30.884,   25.333,  5.4352e-009,
2021/02/19 02:03:30.905,   25.500,  4.1501e-009,
2021/02/19 02:03:30.926,   25.667,  1.7001e-008,
2021/02/19 02:03:30.946,   25.833,  2.5771e-008,
2021/02/19 02:03:30.967,   26.000,  2.9101e-008,
2021/02/19 02:03:30.988,   26.167,  2.3526e-008,
2021/02/19 02:03:31.009,   26.333,  1.8517e-008,
2021/02/19 02:03:31.030,   26.500,  1.0582e-008,
2021/02/19 02:03:31.051,   26.667,  8.8951e-009,
2021/02/19 02:03:31.071,   26.833,  2.0029e-008,
2021/02/19 02:03:31.092,   27.000,  1.9636e-008,
2021/02/19 02:03:31.113,   27.167,  1.6667e-008,
2021/02/19 02:03:31.134,   27.333,  2.4194e-008,
2021/02/19 02:03:31.155,   27.500,  9.1885e-008,
2021/02/19 02:03:31.176,   27.667,  3.5974e-007,
2021/02/19 02:03:31.196,   27.833,  4.6816e-007,
2021/02/19 02:03:31.217,   28.000,  5.0664e-007,
2021/02/19 02:03:31.238,   28.167,  4.4613e-007,
2021/02/19 02:03:31.259,   28.333,  3.3240e-007,
2021/02/19 02:03:31.280,   28.500,  3.7384e-008,
2021/02/19 02:03:31.301,   28.667,  2.3583e-008,
2021/02/19 02:03:31.321,   28.833,  2.5911e-008,
2021/02/19 02:03:31.342,   29.000,  2.9317e-008,
2021/02/19 02:03:31.363,   29.167,  3.1446e-008,
2021/02/19 02:03:31.384,   29.333,  2.2829e-008,
2021/02/19 02:03:31.405,   29.500,  8.1114e-009,
2021/02/19 02:03:31.426,   29.667,  4.6946e-009,
2021/02/19 02:03:31.446,   29.833,  5.7350e-009,
2021/02/19 02:03:31.467,   30.000,  8.2100e-009,
2021/02/19 02:03:31.488,   30.167,  8.6552e-009,
2021/02/19 02:03:31.509,   30.333,  1.0599e-008,
2021/02/19 02:03:31.530,   30.500,  1.9872e-009,
2021/02/19 02:03:31.551,   30.667,  1.1667e-008,
2021/02/19 02:03:31.571,   30.833,  1.3358e-008,
2021/02/19 02:03:31.592,   31.000,  1.0748e-008,
2021/02/19 02:03:31.613,   31.167,  1.2077e-008,
2021/02/19 02:03:31.634,   31.333,  1.1703e-008,
2021/02/19 02:03:31.655,   31.500,  6.4382e-009,
2021/02/19 02:03:31.676,   31.667,  7.7592e-009,
2021/02/19 02:03:31.696,   31.833,  8.5293e-009,
2021/02/19 02:03:31.717,   32.000,  6.0379e-009,
2021/02/19 02:03:31.738,   32.167,  8.9914e-009,
2021/02/19 02:03:31.759,   32.333,  1.1385e-008,
2021/02/19 02:03:31.780,   32.500,  3.4293e-009,
2021/02/19 02:03:31.801,   32.667,  1.2506e-009,
2021/02/19 02:03:31.821,   32.833,  6.1278e-009,
2021/02/19 02:03:31.842,   33.000,  4.5335e-009,
2021/02/19 02:03:31.863,   33.167,  4.4714e-009,
2021/02/19 02:03:31.884,   33.333,  1.5163e-009,
2021/02/19 02:03:31.905,   33.500,  0.0000e+000,
2021/02/19 02:03:31.926,   33.667,  4.1768e-009,
2021/02/19 02:03:31.946,   33.833,  4.0387e-009,
2021/02/19 02:03:31.967,   34.000,  6.7067e-009,
2021/02/19 02:03:31.988,   34.167,  4.4556e-009,
2021/02/19 02:03:32.009,   34.333,  5.5034e-009,
2021/02/19 02:03:32.030,   34.500,  3.0271e-009,
2021/02/19 02:03:32.051,   34.667,  2.7446e-009,
2021/02/19 02:03:32.071,   34.833,  4.4422e-009,
2021/02/19 02:03:32.092,   35.000,  7.2368e-009,
2021/02/19 02:03:32.113,   35.167,  3.2739e-009,
2021/02/19 02:03:32.134,   35.333,  3.2845e-009,
2021/02/19 02:03:32.155,   35.500,  4.0623e-009,
2021/02/19 02:03:32.176,   35.667,  5.6040e-009,
2021/02/19 02:03:32.196,   35.833,  1.0593e-008,
2021/02/19 02:03:32.217,   36.000,  1.1480e-008,
2021/02/19 02:03:32.238,   36.167,  5.5588e-009,
2021/02/19 02:03:32.259,   36.333,  6.9135e-009,
2021/02/19 02:03:32.280,   36.500,  9.2984e-010,
2021/02/19 02:03:32.301,   36.667,  1.1245e-008,
2021/02/19 02:03:32.321,   36.833,  1.0259e-008,
2021/02/19 02:03:32.342,   37.000,  1.2344e-008,
2021/02/19 02:03:32.363,   37.167,  9.5497e-009,
2021/02/19 02:03:32.384,   37.333,  6.2905e-009,
2021/02/19 02:03:32.405,   37.500,  4.4455e-009,
2021/02/19 02:03:32.426,   37.667,  4.9603e-009,
2021/02/19 02:03:32.446,   37.833,  1.4190e-008,
2021/02/19 02:03:32.467,   38.000,  1.1189e-008,
2021/02/19 02:03:32.488,   38.167,  1.4677e-008,
2021/02/19 02:03:32.509,   38.333,  1.0101e-008,
2021/02/19 02:03:32.530,   38.500,  7.7791e-009,
2021/02/19 02:03:32.551,   38.667,  3.5216e-008,
2021/02/19 02:03:32.571,   38.833,  4.0442e-008,
2021/02/19 02:03:32.592,   39.000,  4.4377e-008,
2021/02/19 02:03:32.613,   39.167,  4.5060e-008,
2021/02/19 02:03:32.634,   39.333,  4.2670e-008,
2021/02/19 02:03:32.655,   39.500,  1.6641e-007,
2021/02/19 02:03:32.676,   39.667,  5.8261e-007,
2021/02/19 02:03:32.696,   39.833,  6.7785e-007,
2021/02/19 02:03:32.717,   40.000,  7.2110e-007,
2021/02/19 02:03:32.738,   40.167,  6.5168e-007,
2021/02/19 02:03:32.759,   40.333,  4.5954e-007,
2021/02/19 02:03:32.780,   40.500,  1.7954e-008,
2021/02/19 02:03:32.801,   40.667,  4.2210e-008,
2021/02/19 02:03:32.821,   40.833,  6.0133e-008,
2021/02/19 02:03:32.842,   41.000,  6.1819e-008,
2021/02/19 02:03:32.863,   41.167,  6.3919e-008,
2021/02/19 02:03:32.884,   41.333,  5.5452e-008,
2021/02/19 02:03:32.905,   41.500,  2.2031e-008,
2021/02/19 02:03:32.926,   41.667,  7.7923e-009,
2021/02/19 02:03:32.946,   41.833,  6.2348e-009,
2021/02/19 02:03:32.967,   42.000,  8.5207e-009,
2021/02/19 02:03:32.988,   42.167,  1.2241e-008,
2021/02/19 02:03:33.009,   42.333,  9.9514e-009,
2021/02/19 02:03:33.030,   42.500,  2.7712e-009,
2021/02/19 02:03:33.051,   42.667,  8.4290e-009,
2021/02/19 02:03:33.071,   42.833,  1.4217e-008,
2021/02/19 02:03:33.092,   43.000,  1.4443e-008,
2021/02/19 02:03:33.113,   43.167,  1.1402e-008,
2021/02/19 02:03:33.134,   43.333,  1.3031e-008,
2021/02/19 02:03:33.155,   43.500,  1.0493e-008,
2021/02/19 02:03:33.176,   43.667,  2.0420e-008,
2021/02/19 02:03:33.196,   43.833,  2.1214e-008,
2021/02/19 02:03:33.217,   44.000,  2.8072e-008,
2021/02/19 02:03:33.238,   44.167,  2.5407e-008,
2021/02/19 02:03:33.259,   44.333,  1.7284e-008,
2021/02/19 02:03:33.280,   44.500,  1.0999e-009,
2021/02/19 02:03:33.301,   44.667,  5.7052e-009,
2021/02/19 02:03:33.321,   44.833,  1.7513e-009,
2021/02/19 02:03:33.342,   45.000,  6.5742e-009,
2021/02/19 02:03:33.363,   45.167,  7.4645e-009,
2021/02/19 02:03:33.384,   45.333,  3.3088e-009,
2021/02/19 02:03:33.405,   45.500,  4.8848e-009,
2021/02/19 02:03:33.426,   45.667,  4.8613e-009,
2021/02/19 02:03:33.446,   45.833,  2.4011e-009,
2021/02/19 02:03:33.467,   46.000,  5.6958e-009,
2021/02/19 02:03:33.488,   46.167,  5.1255e-009,
2021/02/19 02:03:33.509,   46.333,  4.8453e-009,
2021/02/19 02:03:33.530,   46.500,  3.3002e-009,
2021/02/19 02:03:33.551,   46.667,  2.6931e-009,
2021/02/19 02:03:33.571,   46.833,  3.4522e-009,
2021/02/19 02:03:33.592,   47.000,  2.0953e-009,
2021/02/19 02:03:33.613,   47.167,  4.3203e-009,
2021/02/19 02:03:33.634,   47.333,  4.0781e-009,
2021/02/19 02:03:33.655,   47.500,  6.2502e-009,
2021/02/19 02:03:33.676,   47.667,  8.2223e-009,
2021/02/19 02:03:33.696,   47.833,  1.4539e-009,
2021/02/19 02:03:33.717,   48.000,  2.0698e-009,
2021/02/19 02:03:33.738,   48.167,  6.0155e-010,
2021/02/19 02:03:33.759,   48.333,  3.7084e-009,
2021/02/19 02:03:33.780,   48.500,  4.0663e-009,
2021/02/19 02:03:33.801,   48.667,  3.4004e-009,
2021/02/19 02:03:33.821,   48.833,  5.8152e-009,
2021/02/19 02:03:33.842,   49.000,  3.1594e-009,
2021/02/19 02:03:33.863,   49.167,  3.3586e-009,
2021/02/19 02:03:33.884,   49.333,  5.7629e-009,
2021/02/19 02:03:33.905,   49.500,  2.6850e-009,
2021/02/19 02:03:33.926,   49.667,  8.2928e-009,
2021/02/19 02:03:33.946,   49.833,  5.1303e-009,
2021/02/19 02:03:33.967,   50.000,  1.1341e-009,
2021/02/19 02:03:33.988,   50.167,  7.1221e-009,
2021/02/19 02:03:34.009,   50.333,  2.2657e-009,
2021/02/19 02:03:34.030,   50.500,  0.0000e+000,
2021/02/19 02:03:34.051,   50.667,  1.4312e-010,
2021/02/19 02:03:34.071,   50.833,  2.8203e-009,
2021/02/19 02:03:34.092,   51.000,  3.3059e-009,
2021/02/19 02:03:34.113,   51.167,  5.1291e-009,
2021/02/19 02:03:34.134,   51.333,  0.0000e+000,
2021/02/19 02:03:34.155,   51.500,  4.7407e-009,
2021/02/19 02:03:34.176,   51.667,  7.6238e-009,
2021/02/19 02:03:34.196,   51.833,  5.9486e-009,
2021/02/19 02:03:34.217,   52.000,  5.6949e-009,
2021/02/19 02:03:34.238,   52.167,  0.0000e+000,
2021/02/19 02:03:34.259,   52.333,  1.7321e-009,
2021/02/19 02:03:34.280,   52.500,  4.1842e-009,
2021/02/19 02:03:34.301,   52.667,  5.7607e-009,
2021/02/19 02:03:34.321,   52.833,  4.7578e-009,
2021/02/19 02:03:34.342,   53.000,  5.1811e-009,
2021/02/19 02:03:34.363,   53.167,  3.0804e-009,
2021/02/19 02:03:34.384,   53.333,  1.0982e-009,
2021/02/19 02:03:34.405,   53.500,  1.5439e-009,
2021/02/19 02:03:34.426,   53.667,  4.8239e-009,
2021/02/19 02:03:34.446,   53.833,  0.0000e+000,
2021/02/19 02:03:34.467,   54.000,  5.7387e-009,
2021/02/19 02:03:34.488,   54.167,  6.4683e-009,
2021/02/19 02:03:34.509,   54.333,  2.3037e-009,
2021/02/19 02:03:34.530,   54.500,  4.5864e-009,
2021/02/19 02:03:34.551,   54.667,  9.8839e-009,
2021/02/19 02:03:34.571,   54.833,  9.4685e-009,
2021/02/19 02:03:34.592,   55.000,  9.9580e-009,
2021/02/19 02:03:34.613,   55.167,  1.1974e-008,
2021/02/19 02:03:34.634,   55.333,  8.1694e-009,
2021/02/19 02:03:34.655,   55.500,  8.6452e-009,
2021/02/19 02:03:34.676,   55.667,  3.2774e-009,
2021/02/19 02:03:34.696,   55.833,  8.0460e-009,
2021/02/19 02:03:34.717,   56.000,  7.7943e-009,
2021/02/19 02:03:34.738,   56.167,  7.5821e-009,
2021/02/19 02:03:34.759,   56.333,  8.9348e-009,
2021/02/19 02:03:34.780,   56.500,  7.9372e-009,
2021/02/19 02:03:34.801,   56.667,  3.6014e-009,
2021/02/19 02:03:34.821,   56.833,  6.8711e-009,
2021/02/19 02:03:34.842,   57.000,  6.9185e-009,
2021/02/19 02:03:34.863,   57.167,  6.5407e-009,
2021/02/19 02:03:34.884,   57.333,  5.7502e-009,
2021/02/19 02:03:34.905,   57.500,  6.8093e-009,
2021/02/19 02:03:34.926,   57.667,  3.1331e-009,
2021/02/19 02:03:34.946,   57.833,  5.0332e-009,
2021/02/19 02:03:34.967,   58.000,  3.6233e-009,
2021/02/19 02:03:34.988,   58.167,  6.8690e-009,
2021/02/19 02:03:35.009,   58.333,  5.1217e-009,
2021/02/19 02:03:35.030,   58.500,  5.1203e-009,
2021/02/19 02:03:35.051,   58.667,  9.9985e-009,
2021/02/19 02:03:35.071,   58.833,  7.0492e-009,
2021/02/19 02:03:35.092,   59.000,  6.2907e-009,
2021/02/19 02:03:35.113,   59.167,  8.2184e-009,
2021/02/19 02:03:35.134,   59.333,  6.1985e-009,
2021/02/19 02:03:35.155,   59.500,  5.4167e-009,
2021/02/19 02:03:35.176,   59.667,  1.4589e-009,
2021/02/19 02:03:35.196,   59.833,  0.0000e+000,
2021/02/19 02:03:35.217,   60.000,  4.8645e-010,
2021/02/19 02:03:35.238,   60.167,  6.9633e-009,
2021/02/19 02:03:35.259,   60.333,  2.8758e-009,
2021/02/19 02:03:35.280,   60.500,  3.6639e-009,
2021/02/19 02:03:35.301,   60.667,  5.4316e-009,
2021/02/19 02:03:35.321,   60.833,  6.0533e-009,
2021/02/19 02:03:35.342,   61.000,  1.5763e-009,
2021/02/19 02:03:35.363,   61.167,  0.0000e+000,
2021/02/19 02:03:35.384,   61.333,  4.1250e-009,
2021/02/19 02:03:35.405,   61.500,  5.3786e-009,
2021/02/19 02:03:35.426,   61.667,  6.1255e-010,
2021/02/19 02:03:35.446,   61.833,  2.6279e-009,
2021/02/19 02:03:35.467,   62.000,  6.2587e-010,
2021/02/19 02:03:35.488,   62.167,  2.0489e-009,
2021/02/19 02:03:35.509,   62.333,  4.0191e-009,
2021/02/19 02:03:35.530,   62.500,  4.3876e-009,
2021/02/19 02:03:35.551,   62.667,  2.1892e-009,
2021/02/19 02:03:35.571,   62.833,  5.5201e-009,
2021/02/19 02:03:35.592,   63.000,  6.9793e-009,
2021/02/19 02:03:35.613,   63.167,  8.7997e-010,
2021/02/19 02:03:35.634,   63.333,  7.0117e-009,
2021/02/19 02:03:35.655,   63.500,  1.5386e-009,
2021/02/19 02:03:35.676,   63.667,  6.2391e-009,
2021/02/19 02:03:35.696,   63.833,  2.0233e-009,
2021/02/19 02:03:35.717,   64.000,  1.8074e-009,
2021/02/19 02:03:35.738,   64.167,  3.2569e-010,
2021/02/19 02:03:35.759,   64.333,  6.1395e-009,
2021/02/19 02:03:35.780,   64.500,  3.5847e-009,
2021/02/19 02:03:35.801,   64.667,  4.1976e-010,
2021/02/19 02:03:35.821,   64.833,  3.7962e-009,
2021/02/19 02:03:35.842,   65.000,  2.8981e-009,
2021/02/19 02:03:35.863,   65.167,  2.4290e-010,
2021/02/19 02:03:35.884,   65.333,  1.0417e-009,
2021/02/19 02:03:35.905,   65.500,  7.4997e-010,
2021/02/19 02:03:35.926,   65.667,  2.8121e-009,
2021/02/19 02:03:35.946,   65.833,  3.9334e-009,
2021/02/19 02:03:35.967,   66.000,  1.5057e-009,
2021/02/19 02:03:35.988,   66.167,  5.4574e-009,
2021/02/19 02:03:36.009,   66.333,  6.3260e-009,
2021/02/19 02:03:36.030,   66.500,  3.9735e-009,
2021/02/19 02:03:36.051,   66.667,  3.0437e-009,
2021/02/19 02:03:36.071,   66.833,  4.8596e-009,
2021/02/19 02:03:36.092,   67.000,  6.8499e-009,
2021/02/19 02:03:36.113,   67.167,  1.1729e-009,
2021/02/19 02:03:36.134,   67.333,  6.1566e-009,
2021/02/19 02:03:36.155,   67.500,  6.7524e-009,
2021/02/19 02:03:36.176,   67.667,  1.5798e-009,
2021/02/19 02:03:36.196,   67.833,  1.1172e-009,
2021/02/19 02:03:36.217,   68.000,  2.4803e-009,
2021/02/19 02:03:36.238,   68.167,  5.0910e-009,
2021/02/19 02:03:36.259,   68.333,  5.2642e-009,
2021/02/19 02:03:36.280,   68.500,  7.5000e-009,
2021/02/19 02:03:36.301,   68.667,  2.4024e-008,
2021/02/19 02:03:36.321,   68.833,  2.7678e-008,
2021/02/19 02:03:36.342,   69.000,  2.6860e-008,
2021/02/19 02:03:36.363,   69.167,  2.8698e-008,
2021/02/19 02:03:36.384,   69.333,  2.5858e-008,
2021/02/19 02:03:36.405,   69.500,  1.1922e-008,
2021/02/19 02:03:36.426,   69.667,  4.8025e-009,
2021/02/19 02:03:36.446,   69.833,  5.4984e-009,
2021/02/19 02:03:36.467,   70.000,  6.8346e-009,
2021/02/19 02:03:36.488,   70.167,  2.2644e-009,
2021/02/19 02:03:36.509,   70.333,  8.3784e-009,
2021/02/19 02:03:36.530,   70.500,  3.7875e-009,
2021/02/19 02:03:36.551,   70.667,  4.2498e-010,
2021/02/19 02:03:36.571,   70.833,  2.4635e-009,
2021/02/19 02:03:36.592,   71.000,  2.0415e-009,
2021/02/19 02:03:36.613,   71.167,  3.8971e-009,
2021/02/19 02:03:36.634,   71.333,  7.9484e-010,
2021/02/19 02:03:36.655,   71.500,  3.5197e-009,
2021/02/19 02:03:36.676,   71.667,  8.3959e-010,
2021/02/19 02:03:36.696,   71.833,  4.8662e-009,
2021/02/19 02:03:36.717,   72.000,  0.0000e+000,
2021/02/19 02:03:36.738,   72.167,  5.9816e-010,
2021/02/19 02:03:36.759,   72.333,  5.8082e-009,
2021/02/19 02:03:36.780,   72.500,  3.3027e-009,
2021/02/19 02:03:36.801,   72.667,  4.4071e-009,
2021/02/19 02:03:36.821,   72.833,  5.6257e-009,
2021/02/19 02:03:36.842,   73.000,  0.0000e+000,
2021/02/19 02:03:36.863,   73.167,  1.8590e-009,
2021/02/19 02:03:36.884,   73.333,  2.0299e-009,
2021/02/19 02:03:36.905,   73.500,  3.0451e-009,
2021/02/19 02:03:36.926,   73.667,  1.7713e-009,
2021/02/19 02:03:36.946,   73.833,  4.3615e-009,
2021/02/19 02:03:36.967,   74.000,  4.3034e-009,
2021/02/19 02:03:36.988,   74.167,  5.5214e-009,
2021/02/19 02:03:37.009,   74.333,  1.7796e-009,
2021/02/19 02:03:37.030,   74.500,  2.2953e-009,
2021/02/19 02:03:37.051,   74.667,  3.0238e-009,
2021/02/19 02:03:37.071,   74.833,  3.0408e-009,
2021/02/19 02:03:37.092,   75.000,  3.4599e-009,
2021/02/19 02:03:37.113,   75.167,  7.8219e-010,
2021/02/19 02:03:37.134,   75.333,  1.6530e-009,
2021/02/19 02:03:37.155,   75.500,  4.0886e-009,
2021/02/19 02:03:37.176,   75.667,  6.2697e-009,
2021/02/19 02:03:37.196,   75.833,  3.5277e-009,
2021/02/19 02:03:37.217,   76.000,  3.1797e-009,
2021/02/19 02:03:37.238,   76.167,  1.0289e-009,
2021/02/19 02:03:37.259,   76.333,  3.5502e-009,
2021/02/19 02:03:37.280,   76.500,  2.3210e-009,
2021/02/19 02:03:37.301,   76.667,  1.9499e-009,
2021/02/19 02:03:37.321,   76.833,  2.3794e-009,
2021/02/19 02:03:37.342,   77.000,  3.3613e-009,
2021/02/19 02:03:37.363,   77.167,  6.8644e-009,
2021/02/19 02:03:37.384,   77.333,  8.9740e-010,
2021/02/19 02:03:37.405,   77.500,  4.1201e-009,
2021/02/19 02:03:37.426,   77.667,  0.0000e+000,
2021/02/19 02:03:37.446,   77.833,  2.9685e-009,
2021/02/19 02:03:37.467,   78.000,  3.0985e-009,
2021/02/19 02:03:37.488,   78.167,  2.1550e-009,
2021/02/19 02:03:37.509,   78.333,  4.1743e-009,
2021/02/19 02:03:37.530,   78.500,  1.5599e-009,
2021/02/19 02:03:37.551,   78.667,  2.9519e-009,
2021/02/19 02:03:37.571,   78.833,  6.1482e-009,
2021/02/19 02:03:37.592,   79.000,  7.1790e-009,
2021/02/19 02:03:37.613,   79.167,  2.8929e-009,
2021/02/19 02:03:37.634,   79.333,  3.0138e-009,
2021/02/19 02:03:37.655,   79.500,  9.4583e-009,
2021/02/19 02:03:37.676,   79.667,  3.1210e-010,
2021/02/19 02:03:37.696,   79.833,  4.2328e-009,
2021/02/19 02:03:37.717,   80.000,  2.3567e-009,
2021/02/19 02:03:37.738,   80.167,  5.2032e-009,
2021/02/19 02:03:37.759,   80.333,  0.0000e+000,
2021/02/19 02:03:37.780,   80.500,  1.3313e-009,
2021/02/19 02:03:37.801,   80.667,  8.6747e-010,
2021/02/19 02:03:37.821,   80.833,  1.7323e-009,
2021/02/19 02:03:37.842,   81.000,  8.1250e-010,
2021/02/19 02:03:37.863,   81.167,  4.8469e-009,
2021/02/19 02:03:37.884,   81.333,  2.6647e-009,
2021/02/19 02:03:37.905,   81.500,  8.3284e-010,
2021/02/19 02:03:37.926,   81.667,  2.6896e-009,
2021/02/19 02:03:37.946,   81.833,  6.3028e-009,
2021/02/19 02:03:37.967,   82.000,  3.3956e-009,
2021/02/19 02:03:37.988,   82.167,  5.0669e-009,
2021/02/19 02:03:38.009,   82.333,  6.1151e-009,
2021/02/19 02:03:38.030,   82.500,  3.6079e-009,
2021/02/19 02:03:38.051,   82.667,  3.5662e-009,
2021/02/19 02:03:38.071,   82.833,  1.2643e-009,
2021/02/19 02:03:38.092,   83.000,  4.1043e-009,
2021/02/19 02:03:38.113,   83.167,  7.6775e-009,
2021/02/19 02:03:38.134,   83.333,  1.9324e-009,
2021/02/19 02:03:38.155,   83.500,  3.8667e-009,
2021/02/19 02:03:38.176,   83.667,  1.4096e-009,
2021/02/19 02:03:38.196,   83.833,  5.9538e-009,
2021/02/19 02:03:38.217,   84.000,  6.0575e-009,
2021/02/19 02:03:38.238,   84.167,  1.8019e-009,
2021/02/19 02:03:38.259,   84.333,  3.7462e-009,
2021/02/19 02:03:38.280,   84.500,  3.7295e-009,
2021/02/19 02:03:38.301,   84.667,  3.7151e-009,
2021/02/19 02:03:38.321,   84.833,  6.3097e-009,
2021/02/19 02:03:38.342,   85.000,  5.8888e-009,
2021/02/19 02:03:38.363,   85.167,  7.1144e-009,
2021/02/19 02:03:38.384,   85.333,  7.6159e-009,
2021/02/19 02:03:38.405,   85.500,  1.9742e-009,
2021/02/19 02:03:38.426,   85.667,  5.0083e-009,
2021/02/19 02:03:38.446,   85.833,  4.6918e-009,
2021/02/19 02:03:38.467,   86.000,  3.3222e-009,
2021/02/19 02:03:38.488,   86.167,  4.2109e-009,
2021/02/19 02:03:38.509,   86.333,  6.0961e-009,
2021/02/19 02:03:38.530,   86.500,  4.5712e-009,
2021/02/19 02:03:38.551,   86.667,  3.5152e-009,
2021/02/19 02:03:38.571,   86.833,  3.9552e-009,
2021/02/19 02:03:38.592,   87.000,  2.8644e-009,
2021/02/19 02:03:38.613,   87.167,  6.2465e-009,
2021/02/19 02:03:38.634,   87.333,  3.6067e-009,
2021/02/19 02:03:38.655,   87.500,  1.8929e-009,
2021/02/19 02:03:38.676,   87.667,  2.4025e-009,
2021/02/19 02:03:38.696,   87.833,  9.4643e-009,
2021/02/19 02:03:38.717,   88.000,  4.0984e-009,
2021/02/19 02:03:38.738,   88.167,  5.1880e-009,
2021/02/19 02:03:38.759,   88.333,  7.7952e-009,
2021/02/19 02:03:38.780,   88.500,  4.9763e-009,
2021/02/19 02:03:38.801,   88.667,  6.6293e-009,
2021/02/19 02:03:38.821,   88.833,  8.9782e-010,
2021/02/19 02:03:38.842,   89.000,  4.1670e-009,
2021/02/19 02:03:38.863,   89.167,  4.2458e-009,
2021/02/19 02:03:38.884,   89.333,  0.0000e+000,
2021/02/19 02:03:38.905,   89.500,  2.9462e-009,
2021/02/19 02:03:38.926,   89.667,  0.0000e+000,
2021/02/19 02:03:38.946,   89.833,  0.0000e+000,
2021/02/19 02:03:38.967,   90.000,  5.3761e-009,
2021/02/19 02:03:38.988,   90.167,  3.2288e-009,
2021/02/19 02:03:39.009,   90.333,  3.6136e-009,
2021/02/19 02:03:39.030,   90.500,  0.0000e+000,
2021/02/19 02:03:39.051,   90.667,  3.7948e-009,
2021/02/19 02:03:39.071,   90.833,  5.0737e-009,
2021/02/19 02:03:39.092,   91.000,  1.6829e-009,
2021/02/19 02:03:39.113,   91.167,  3.2433e-009,
2021/02/19 02:03:39.134,   91.333,  5.4787e-010,
2021/02/19 02:03:39.155,   91.500,  5.6031e-009,
2021/02/19 02:03:39.176,   91.667,  1.9548e-009,
2021/02/19 02:03:39.196,   91.833,  2.1943e-009,
2021/02/19 02:03:39.217,   92.000,  1.2088e-009,
2021/02/19 02:03:39.238,   92.167,  6.2961e-009,
2021/02/19 02:03:39.259,   92.333,  2.1976e-009,
2021/02/19 02:03:39.280,   92.500,  3.1749e-009,
2021/02/19 02:03:39.301,   92.667,  2.7463e-009,
2021/02/19 02:03:39.321,   92.833,  6.2805e-009,
2021/02/19 02:03:39.342,   93.000,  8.4185e-010,
2021/02/19 02:03:39.363,   93.167,  5.7258e-009,
2021/02/19 02:03:39.384,   93.333,  1.9895e-009,
2021/02/19 02:03:39.405,   93.500,  3.8398e-009,
2021/02/19 02:03:39.426,   93.667,  3.2061e-009,
2021/02/19 02:03:39.446,   93.833,  2.7590e-009,
2021/02/19 02:03:39.467,   94.000,  3.0728e-009,
2021/02/19 02:03:39.488,   94.167,  0.0000e+000,
2021/02/19 02:03:39.509,   94.333,  4.9280e-009,
2021/02/19 02:03:39.530,   94.500,  5.1794e-009,
2021/02/19 02:03:39.551,   94.667,  4.7265e-009,
2021/02/19 02:03:39.571,   94.833,  8.7007e-010,
2021/02/19 02:03:39.592,   95.000,  1.8637e-009,
2021/02/19 02:03:39.613,   95.167,  2.8392e-009,
2021/02/19 02:03:39.634,   95.333,  5.6866e-009,
2021/02/19 02:03:39.655,   95.500,  4.0588e-009,
2021/02/19 02:03:39.676,   95.667,  1.2726e-009,
2021/02/19 02:03:39.696,   95.833,  1.5364e-009,
2021/02/19 02:03:39.717,   96.000,  2.1414e-010,
2021/02/19 02:03:39.738,   96.167,  1.4590e-009,
2021/02/19 02:03:39.759,   96.333,  6.9420e-009,
2021/02/19 02:03:39.780,   96.500,  5.7882e-009,
2021/02/19 02:03:39.801,   96.667,  6.4880e-009,
2021/02/19 02:03:39.821,   96.833,  6.9498e-009,
2021/02/19 02:03:39.842,   97.000,  4.7451e-009,
2021/02/19 02:03:39.863,   97.167,  0.0000e+000,
2021/02/19 02:03:39.884,   97.333,  6.7149e-010,
2021/02/19 02:03:39.905,   97.500,  2.7286e-009,
2021/02/19 02:03:39.926,   97.667,  2.3097e-009,
2021/02/19 02:03:39.946,   97.833,  3.3822e-009,
2021/02/19 02:03:39.967,   98.000,  1.4969e-009,
2021/02/19 02:03:39.988,   98.167,  9.8107e-009,
2021/02/19 02:03:40.009,   98.333,  1.7261e-009,
2021/02/19 02:03:40.030,   98.500,  6.8514e-009,
2021/02/19 02:03:40.051,   98.667,  4.6053e-009,
2021/02/19 02:03:40.071,   98.833,  9.3861e-009,
2021/02/19 02:03:40.092,   99.000,  8.9571e-009,
2021/02/19 02:03:40.113,   99.167,  8.1071e-009,
2021/02/19 02:03:40.134,   99.333,  4.7930e-009,
2021/02/19 02:03:40.155,   99.500,  7.0082e-009,
2021/02/19 02:03:40.176,   99.667,  5.2881e-009,
2021/02/19 02:03:40.196,   99.833,  4.7064e-009,
2021/02/19 02:03:40.217,  100.000,  9.0838e-009,
2021/02/19 02:03:40.238,  100.167,  5.3500e-009,
2021/02/19 02:03:40.259,  100.333,  2.7325e-009,
2021/02/19 02:03:40.280,  100.500,  3.2231e-009,
2021/02/19 02:03:40.301,  100.667,  3.7881e-009,
2021/02/19 02:03:40.321,  100.833,  2.2190e-009,
2021/02/19 02:03:40.342,  101.000,  2.6154e-009,
2021/02/19 02:03:40.363,  101.167,  4.0932e-009,
2021/02/19 02:03:40.384,  101.333,  2.6008e-009,
2021/02/19 02:03:40.405,  101.500,  5.2323e-009,
2021/02/19 02:03:40.426,  101.667,  1.0967e-009,
2021/02/19 02:03:40.446,  101.833,  4.6061e-009,
2021/02/19 02:03:40.467,  102.000,  5.1032e-009,
2021/02/19 02:03:40.488,  102.167,  4.6167e-009,
2021/02/19 02:03:40.509,  102.333,  1.1130e-009,
2021/02/19 02:03:40.530,  102.500,  0.0000e+000,
2021/02/19 02:03:40.551,  102.667,  7.3130e-009,
2021/02/19 02:03:40.571,  102.833,  6.9105e-009,
2021/02/19 02:03:40.592,  103.000,  2.5288e-009,
2021/02/19 02:03:40.613,  103.167,  2.9099e-009,
2021/02/19 02:03:40.634,  103.333,  0.0000e+000,
2021/02/19 02:03:40.655,  103.500,  4.1834e-009,
2021/02/19 02:03:40.676,  103.667,  0.0000e+000,
2021/02/19 02:03:40.696,  103.833,  1.1987e-009,
2021/02/19 02:03:40.717,  104.000,  5.2532e-009,
2021/02/19 02:03:40.738,  104.167,  4.0435e-009,
2021/02/19 02:03:40.759,  104.333,  3.1799e-009,
2021/02/19 02:03:40.780,  104.500,  0.0000e+000,
2021/02/19 02:03:40.801,  104.667,  0.0000e+000,
2021/02/19 02:03:40.821,  104.833,  3.2874e-009,
2021/02/19 02:03:40.842,  105.000,  3.0771e-009,
2021/02/19 02:03:40.863,  105.167,  1.2852e-009,
2021/02/19 02:03:40.884,  105.333,  2.6359e-009,
2021/02/19 02:03:40.905,  105.500,  3.3634e-009,
2021/02/19 02:03:40.926,  105.667,  5.2639e-009,
2021/02/19 02:03:40.946,  105.833,  3.6896e-009,
2021/02/19 02:03:40.967,  106.000,  1.7566e-009,
2021/02/19 02:03:40.988,  106.167,  0.0000e+000,
2021/02/19 02:03:41.009,  106.333,  1.8052e-009,
2021/02/19 02:03:41.030,  106.500,  3.9685e-009,
2021/02/19 02:03:41.051,  106.667,  5.1453e-009,
2021/02/19 02:03:41.071,  106.833,  5.6004e-011,
2021/02/19 02:03:41.092,  107.000,  2.1925e-009,
2021/02/19 02:03:41.113,  107.167,  3.7031e-009,
2021/02/19 02:03:41.134,  107.333,  1.8759e-009,
2021/02/19 02:03:41.155,  107.500,  3.9999e-009,
2021/02/19 02:03:41.176,  107.667,  4.1101e-009,
2021/02/19 02:03:41.196,  107.833,  4.2247e-010,
2021/02/19 02:03:41.217,  108.000,  4.9577e-009,
2021/02/19 02:03:41.238,  108.167,  0.0000e+000,
2021/02/19 02:03:41.259,  108.333,  0.0000e+000,
2021/02/19 02:03:41.280,  108.500,  4.7140e-010,
2021/02/19 02:03:41.301,  108.667,  2.5220e-009,
2021/02/19 02:03:41.321,  108.833,  2.5180e-009,
2021/02/19 02:03:41.342,  109.000,  2.5497e-009,
2021/02/19 02:03:41.363,  109.167,  2.4122e-009,
2021/02/19 02:03:41.384,  109.333,  1.9626e-009,
2021/02/19 02:03:41.405,  109.500,  5.1177e-009,
2021/02/19 02:03:41.426,  109.667,  1.1362e-009,
2021/02/19 02:03:41.446,  109.833,  3.8309e-009,
2021/02/19 02:03:41.467,  110.000,  1.2690e-009,
2021/02/19 02:03:41.488,  110.167,  5.3802e-009,
2021/02/19 02:03:41.509,  110.333,  3.1369e-009,
2021/02/19 02:03:41.530,  110.500,  2.8738e-009,
2021/02/19 02:03:41.551,  110.667,  7.0668e-010,
2021/02/19 02:03:41.571,  110.833,  2.4847e-009,
2021/02/19 02:03:41.592,  111.000,  5.3995e-009,
2021/02/19 02:03:41.613,  111.167,  2.8961e-009,
2021/02/19 02:03:41.634,  111.333,  0.0000e+000,
2021/02/19 02:03:41.655,  111.500,  7.3019e-009,
2021/02/19 02:03:41.676,  111.667,  3.1814e-009,
2021/02/19 02:03:41.696,  111.833,  7.0668e-010,
2021/02/19 02:03:41.717,  112.000,  2.7066e-009,
2021/02/19 02:03:41.738,  112.167,  5.9334e-009,
2021/02/19 02:03:41.759,  112.333,  7.0008e-009,
2021/02/19 02:03:41.780,  112.500,  4.7551e-009,
2021/02/19 02:03:41.801,  112.667,  6.7928e-009,
2021/02/19 02:03:41.821,  112.833,  2.9444e-010,
2021/02/19 02:03:41.842,  113.000,  4.6554e-009,
2021/02/19 02:03:41.863,  113.167,  2.4138e-009,
2021/02/19 02:03:41.884,  113.333,  2.3443e-009,
2021/02/19 02:03:41.905,  113.500,  8.7774e-010,
2021/02/19 02:03:41.926,  113.667,  3.7864e-009,
2021/02/19 02:03:41.946,  113.833,  2.9767e-009,
2021/02/19 02:03:41.967,  114.000,  0.0000e+000,
2021/02/19 02:03:41.988,  114.167,  4.0981e-009,
2021/02/19 02:03:42.009,  114.333,  2.1875e-009,
2021/02/19 02:03:42.030,  114.500,  2.1918e-009,
2021/02/19 02:03:42.051,  114.667,  1.1870e-009,
2021/02/19 02:03:42.071,  114.833,  8.7352e-010,
2021/02/19 02:03:42.092,  115.000,  3.9634e-009,
2021/02/19 02:03:42.113,  115.167,  2.2640e-009,
2021/02/19 02:03:42.134,  115.333,  5.3956e-009,
2021/02/19 02:03:42.155,  115.500,  6.9017e-010,
2021/02/19 02:03:42.176,  115.667,  5.5493e-009,
2021/02/19 02:03:42.196,  115.833,  3.3374e-009,
2021/02/19 02:03:42.217,  116.000,  2.1583e-009,
2021/02/19 02:03:42.238,  116.167,  5.0344e-009,
2021/02/19 02:03:42.259,  116.333,  3.2784e-009,
2021/02/19 02:03:42.280,  116.500,  3.9370e-009,
2021/02/19 02:03:42.301,  116.667,  1.5869e-009,
2021/02/19 02:03:42.321,  116.833,  1.8096e-009,
2021/02/19 02:03:42.342,  117.000,  1.8492e-009,
2021/02/19 02:03:42.363,  117.167,  4.2233e-009,
2021/02/19 02:03:42.384,  117.333,  2.8092e-009,
2021/02/19 02:03:42.405,  117.500,  8.1491e-009,
2021/02/19 02:03:42.426,  117.667,  1.5006e-009,
2021/02/19 02:03:42.446,  117.833,  5.9671e-009,
2021/02/19 02:03:42.467,  118.000,  2.0523e-009,
2021/02/19 02:03:42.488,  118.167,  0.0000e+000,
2021/02/19 02:03:42.509,  118.333,  3.9383e-009,
2021/02/19 02:03:42.530,  118.500,  1.2575e-010,
2021/02/19 02:03:42.551,  118.667,  0.0000e+000,
2021/02/19 02:03:42.571,  118.833,  0.0000e+000,
2021/02/19 02:03:42.592,  119.000,  0.0000e+000,
2021/02/19 02:03:42.613,  119.167,  4.5024e-009,
2021/02/19 02:03:42.634,  119.333,  6.3364e-009,
2021/02/19 02:03:42.655,  119.500,  5.5690e-009,
2021/02/19 02:03:42.676,  119.667,  5.6482e-010,
2021/02/19 02:03:42.696,  119.833,  0.0000e+000,
2021/02/19 02:03:42.717,  120.000,  1.3949e-009,
2021/02/19 02:03:42.738,  120.167,  3.5776e-009,
2021/02/19 02:03:42.759,  120.333,  7.7452e-009,
2021/02/19 02:03:42.780,  120.500,  7.3283e-010,
