<?xml version="1.0" encoding="us-ascii"?>
<ConfigurationData>
   <CommunicationParameters
      Port="COM3"
      Baud="9600"
      PacketFrequency="5.0"
      PacketTimeout="1.0"
      CommunicationsType="1"
      UserFrequency="5.0"
      UserTimeout="1.0"
      NamedPort=""
   />

   <ConfigurationParameters
      Filename="C:\Users\cxh002\Desktop\RGA CONFIG FILES\rga_working_cal.cfg"
      Description="Air Leak + PTA"
      TimeStamp="07e5000200040012000a0007001f03be"
      DateTime="2/18/2021 10:07:31 AM"
      Caption="6507"
      Serial="6507"
      Model="300"
   />

   <ScanParameters
      ScanSpeed="48"
      LowMass="1"
      HighMass="120"
      SamplesPerAMU="6"
   />

   <OperatingParameters
      Mode="Mass sweep"
      Focus1="-20"
      Focus2="-68"
      ElectronEnergy="70"
      FilamentEmission="2.0"
      AutoZero="Off"
      ScanMode="Sweep"
      Filament="1"
      PressureUnits="Pascal"
      EnableElectronMultiplier="0"
      MultiplierVoltage="1095"
      FilamentForceOffStartup="1"
   />

   <CalibrationParameters
      LowCalMass="1"
      LowCalResolution="572"
      LowCalPosition="0.44"
      LowCalIonEnergy="5.0"
      HighCalMass="300"
      HighCalResolution="1670"
      HighCalPosition="0.40"
      HighCalIonEnergy="5.0"
      TotalAmpOffset="2000"
      PartialAmpOffset="2475"
      TotalIntegratingCap="10.00"
      PartialIntegratingCap="3.00"
      RFSettleTime="50"
      SWSettleTime="10"
      Pirani1ATM="1.98700"
      PiraniZero="0.31300"
      PiraniAutoRecalibrate="0"
      PartialSensitivity="6.00e-004"
      TotalSensitivity="1.00e+001"
      debug="0"
   />

   <LogFileParameters
      Mode="2"
      FileName=""
      DirectoryName="C:\Users\cxh002\Desktop\rga_data"
      CreationOption="0"
      NSweeps="1"
      FileRecordingOn="1"
   />


   <PrintingParameters
      InvertColors="1"
      ShowConfigurationFile="1"
      ShowDescription="1"
      ShowTotalPressure="1"
      ShowPiraniPressure="1"
      DateFormat=""
      TimeFormat=""
   />


   <WindowParameters>
       <Frame
            flags="2"
            showCmd="3"
            ptMinPosition.x="-1"
            ptMinPosition.y="-1"
            ptMaxPosition.x="-8"
            ptMaxPosition.y="-31"
            rcNormalPosition.left="26"
            rcNormalPosition.top="68"
            rcNormalPosition.right="910"
            rcNormalPosition.bottom="417"
       />
       <Setup
            flags="0"
            showCmd="1"
            ptMinPosition.x="-1"
            ptMinPosition.y="-1"
            ptMaxPosition.x="-1"
            ptMaxPosition.y="-1"
            rcNormalPosition.left="659"
            rcNormalPosition.top="50"
            rcNormalPosition.right="1362"
            rcNormalPosition.bottom="610"
       />
       <Main
            flags="2"
            showCmd="3"
            ptMinPosition.x="-1"
            ptMinPosition.y="-1"
            ptMaxPosition.x="-1"
            ptMaxPosition.y="-1"
            rcNormalPosition.left="26"
            rcNormalPosition.top="26"
            rcNormalPosition.right="1051"
            rcNormalPosition.bottom="551"
       />
   </WindowParameters>

   <PlotParameters
      BkColor="Silver"
      LineColor="Teal"
      ScanColor="Black"
      MouseWheel="0"
      LogYAxis="1"
   />

</ConfigurationData>
2021/02/18 12:44:51.587,    0.667,  2.9238e-006,
2021/02/18 12:44:51.607,    0.833,  2.9587e-006,
2021/02/18 12:44:51.628,    1.000,  2.9364e-006,
2021/02/18 12:44:51.649,    1.167,  2.9461e-006,
2021/02/18 12:44:51.670,    1.333,  3.0180e-006,
2021/02/18 12:44:51.691,    1.500,  2.9507e-006,
2021/02/18 12:44:51.712,    1.667,  3.0280e-006,
2021/02/18 12:44:51.732,    1.833,  2.9777e-006,
2021/02/18 12:44:51.753,    2.000,  2.7016e-006,
2021/02/18 12:44:51.774,    2.167,  2.3480e-006,
2021/02/18 12:44:51.795,    2.333,  1.7884e-006,
2021/02/18 12:44:51.816,    2.500,  9.6710e-007,
2021/02/18 12:44:51.837,    2.667,  7.4811e-010,
2021/02/18 12:44:51.857,    2.833,  6.0036e-009,
2021/02/18 12:44:51.878,    3.000,  6.8842e-009,
2021/02/18 12:44:51.899,    3.167,  6.2573e-009,
2021/02/18 12:44:51.920,    3.333,  6.6084e-009,
2021/02/18 12:44:51.941,    3.500,  3.0502e-009,
2021/02/18 12:44:51.962,    3.667,  2.4822e-009,
2021/02/18 12:44:51.982,    3.833,  4.3246e-009,
2021/02/18 12:44:52.003,    4.000,  2.1796e-009,
2021/02/18 12:44:52.024,    4.167,  3.7792e-009,
2021/02/18 12:44:52.045,    4.333,  2.6913e-009,
2021/02/18 12:44:52.066,    4.500,  2.2574e-009,
2021/02/18 12:44:52.087,    4.667,  5.8252e-010,
2021/02/18 12:44:52.107,    4.833,  3.3731e-009,
2021/02/18 12:44:52.128,    5.000,  4.2293e-009,
2021/02/18 12:44:52.149,    5.167,  7.8547e-009,
2021/02/18 12:44:52.170,    5.333,  6.1402e-009,
2021/02/18 12:44:52.191,    5.500,  3.2190e-009,
2021/02/18 12:44:52.212,    5.667,  6.9564e-010,
2021/02/18 12:44:52.232,    5.833,  6.2111e-009,
2021/02/18 12:44:52.253,    6.000,  2.8109e-009,
2021/02/18 12:44:52.274,    6.167,  2.8924e-009,
2021/02/18 12:44:52.295,    6.333,  2.3939e-010,
2021/02/18 12:44:52.316,    6.500,  3.1220e-009,
2021/02/18 12:44:52.337,    6.667,  6.5988e-009,
2021/02/18 12:44:52.357,    6.833,  6.7199e-009,
2021/02/18 12:44:52.378,    7.000,  8.8376e-009,
2021/02/18 12:44:52.399,    7.167,  4.1090e-009,
2021/02/18 12:44:52.420,    7.333,  2.9160e-010,
2021/02/18 12:44:52.441,    7.500,  6.4083e-009,
2021/02/18 12:44:52.462,    7.667,  5.8508e-010,
2021/02/18 12:44:52.482,    7.833,  7.5207e-009,
2021/02/18 12:44:52.503,    8.000,  7.8568e-009,
2021/02/18 12:44:52.524,    8.167,  5.1084e-009,
2021/02/18 12:44:52.545,    8.333,  2.6514e-009,
2021/02/18 12:44:52.566,    8.500,  6.3901e-009,
2021/02/18 12:44:52.587,    8.667,  3.8886e-009,
2021/02/18 12:44:52.607,    8.833,  7.1694e-010,
2021/02/18 12:44:52.628,    9.000,  3.5726e-009,
2021/02/18 12:44:52.649,    9.167,  4.6484e-009,
2021/02/18 12:44:52.670,    9.333,  8.9382e-010,
2021/02/18 12:44:52.691,    9.500,  4.2678e-009,
2021/02/18 12:44:52.712,    9.667,  4.1060e-009,
2021/02/18 12:44:52.732,    9.833,  1.9719e-009,
2021/02/18 12:44:52.753,   10.000,  5.2335e-009,
2021/02/18 12:44:52.774,   10.167,  0.0000e+000,
2021/02/18 12:44:52.795,   10.333,  1.2685e-009,
2021/02/18 12:44:52.816,   10.500,  0.0000e+000,
2021/02/18 12:44:52.837,   10.667,  1.7971e-009,
2021/02/18 12:44:52.857,   10.833,  3.6492e-009,
2021/02/18 12:44:52.878,   11.000,  7.6350e-009,
2021/02/18 12:44:52.899,   11.167,  6.5874e-009,
2021/02/18 12:44:52.920,   11.333,  3.9230e-009,
2021/02/18 12:44:52.941,   11.500,  4.3344e-009,
2021/02/18 12:44:52.962,   11.667,  1.3923e-008,
2021/02/18 12:44:52.982,   11.833,  2.0933e-008,
2021/02/18 12:44:53.003,   12.000,  2.0354e-008,
2021/02/18 12:44:53.024,   12.167,  1.7882e-008,
2021/02/18 12:44:53.045,   12.333,  1.3158e-008,
2021/02/18 12:44:53.066,   12.500,  9.1584e-009,
2021/02/18 12:44:53.087,   12.667,  1.2239e-008,
2021/02/18 12:44:53.107,   12.833,  1.0167e-008,
2021/02/18 12:44:53.128,   13.000,  1.0145e-008,
2021/02/18 12:44:53.149,   13.167,  1.0300e-008,
2021/02/18 12:44:53.170,   13.333,  9.4793e-009,
2021/02/18 12:44:53.191,   13.500,  5.8799e-009,
2021/02/18 12:44:53.212,   13.667,  1.4329e-008,
2021/02/18 12:44:53.232,   13.833,  1.8598e-008,
2021/02/18 12:44:53.253,   14.000,  1.4783e-008,
2021/02/18 12:44:53.274,   14.167,  1.8688e-008,
2021/02/18 12:44:53.295,   14.333,  1.7652e-008,
2021/02/18 12:44:53.316,   14.500,  1.1857e-008,
2021/02/18 12:44:53.337,   14.667,  3.0565e-008,
2021/02/18 12:44:53.357,   14.833,  4.9390e-008,
2021/02/18 12:44:53.378,   15.000,  5.8956e-008,
2021/02/18 12:44:53.399,   15.167,  5.0032e-008,
2021/02/18 12:44:53.420,   15.333,  4.6842e-008,
2021/02/18 12:44:53.441,   15.500,  2.0319e-008,
2021/02/18 12:44:53.462,   15.667,  4.1306e-008,
2021/02/18 12:44:53.482,   15.833,  6.5065e-008,
2021/02/18 12:44:53.503,   16.000,  6.6532e-008,
2021/02/18 12:44:53.524,   16.167,  6.0641e-008,
2021/02/18 12:44:53.545,   16.333,  5.0447e-008,
2021/02/18 12:44:53.566,   16.500,  3.0337e-008,
2021/02/18 12:44:53.587,   16.667,  7.5907e-009,
2021/02/18 12:44:53.607,   16.833,  5.8576e-009,
2021/02/18 12:44:53.628,   17.000,  1.2665e-008,
2021/02/18 12:44:53.649,   17.167,  1.6698e-008,
2021/02/18 12:44:53.670,   17.333,  1.0415e-008,
2021/02/18 12:44:53.691,   17.500,  8.0015e-009,
2021/02/18 12:44:53.712,   17.667,  1.2372e-008,
2021/02/18 12:44:53.732,   17.833,  1.7568e-008,
2021/02/18 12:44:53.753,   18.000,  2.1259e-008,
2021/02/18 12:44:53.774,   18.167,  1.8812e-008,
2021/02/18 12:44:53.795,   18.333,  1.4928e-008,
2021/02/18 12:44:53.816,   18.500,  1.1002e-008,
2021/02/18 12:44:53.837,   18.667,  7.0724e-009,
2021/02/18 12:44:53.857,   18.833,  9.3289e-009,
2021/02/18 12:44:53.878,   19.000,  5.6422e-009,
2021/02/18 12:44:53.899,   19.167,  4.6632e-009,
2021/02/18 12:44:53.920,   19.333,  7.2621e-009,
2021/02/18 12:44:53.941,   19.500,  2.2183e-008,
2021/02/18 12:44:53.962,   19.667,  1.2031e-007,
2021/02/18 12:44:53.982,   19.833,  1.4742e-007,
2021/02/18 12:44:54.003,   20.000,  1.4157e-007,
2021/02/18 12:44:54.024,   20.167,  1.2126e-007,
2021/02/18 12:44:54.045,   20.333,  1.0430e-007,
2021/02/18 12:44:54.066,   20.500,  8.3609e-009,
2021/02/18 12:44:54.087,   20.667,  9.8533e-010,
2021/02/18 12:44:54.107,   20.833,  5.3800e-009,
2021/02/18 12:44:54.128,   21.000,  2.7827e-009,
2021/02/18 12:44:54.149,   21.167,  1.8016e-009,
2021/02/18 12:44:54.170,   21.333,  1.6141e-009,
2021/02/18 12:44:54.191,   21.500,  3.1983e-009,
2021/02/18 12:44:54.212,   21.667,  3.2498e-009,
2021/02/18 12:44:54.232,   21.833,  8.4837e-009,
2021/02/18 12:44:54.253,   22.000,  8.7319e-009,
2021/02/18 12:44:54.274,   22.167,  4.5127e-009,
2021/02/18 12:44:54.295,   22.333,  5.0246e-009,
2021/02/18 12:44:54.316,   22.500,  6.3439e-009,
2021/02/18 12:44:54.337,   22.667,  2.1077e-009,
2021/02/18 12:44:54.357,   22.833,  3.7251e-009,
2021/02/18 12:44:54.378,   23.000,  5.0090e-009,
2021/02/18 12:44:54.399,   23.167,  8.5899e-009,
2021/02/18 12:44:54.420,   23.333,  4.2529e-009,
2021/02/18 12:44:54.441,   23.500,  5.5255e-009,
2021/02/18 12:44:54.462,   23.667,  2.8544e-009,
2021/02/18 12:44:54.482,   23.833,  2.9067e-009,
2021/02/18 12:44:54.503,   24.000,  3.4740e-009,
2021/02/18 12:44:54.524,   24.167,  0.0000e+000,
2021/02/18 12:44:54.545,   24.333,  8.5867e-009,
2021/02/18 12:44:54.566,   24.500,  7.7424e-009,
2021/02/18 12:44:54.587,   24.667,  1.4090e-008,
2021/02/18 12:44:54.607,   24.833,  1.0132e-008,
2021/02/18 12:44:54.628,   25.000,  6.0963e-009,
2021/02/18 12:44:54.649,   25.167,  4.4568e-009,
2021/02/18 12:44:54.670,   25.333,  5.5687e-009,
2021/02/18 12:44:54.691,   25.500,  2.1622e-009,
2021/02/18 12:44:54.712,   25.667,  1.4879e-008,
2021/02/18 12:44:54.732,   25.833,  1.4542e-008,
2021/02/18 12:44:54.753,   26.000,  1.7511e-008,
2021/02/18 12:44:54.774,   26.167,  2.0305e-008,
2021/02/18 12:44:54.795,   26.333,  1.5046e-008,
2021/02/18 12:44:54.816,   26.500,  6.1134e-009,
2021/02/18 12:44:54.837,   26.667,  9.3951e-009,
2021/02/18 12:44:54.857,   26.833,  1.0574e-008,
2021/02/18 12:44:54.878,   27.000,  1.3036e-008,
2021/02/18 12:44:54.899,   27.167,  1.4713e-008,
2021/02/18 12:44:54.920,   27.333,  2.0635e-008,
2021/02/18 12:44:54.941,   27.500,  7.9659e-008,
2021/02/18 12:44:54.962,   27.667,  3.1935e-007,
2021/02/18 12:44:54.982,   27.833,  4.1035e-007,
2021/02/18 12:44:55.003,   28.000,  4.0953e-007,
2021/02/18 12:44:55.024,   28.167,  3.6004e-007,
2021/02/18 12:44:55.045,   28.333,  2.8901e-007,
2021/02/18 12:44:55.066,   28.500,  4.0076e-008,
2021/02/18 12:44:55.087,   28.667,  1.3139e-008,
2021/02/18 12:44:55.107,   28.833,  1.7037e-008,
2021/02/18 12:44:55.128,   29.000,  1.6968e-008,
2021/02/18 12:44:55.149,   29.167,  1.6499e-008,
2021/02/18 12:44:55.170,   29.333,  1.3105e-008,
2021/02/18 12:44:55.191,   29.500,  6.1933e-009,
2021/02/18 12:44:55.212,   29.667,  8.6891e-009,
2021/02/18 12:44:55.232,   29.833,  7.2474e-009,
2021/02/18 12:44:55.253,   30.000,  5.9817e-009,
2021/02/18 12:44:55.274,   30.167,  6.4325e-009,
2021/02/18 12:44:55.295,   30.333,  4.0047e-009,
2021/02/18 12:44:55.316,   30.500,  2.3583e-009,
2021/02/18 12:44:55.337,   30.667,  8.3843e-009,
2021/02/18 12:44:55.357,   30.833,  4.8746e-009,
2021/02/18 12:44:55.378,   31.000,  6.6876e-009,
2021/02/18 12:44:55.399,   31.167,  3.3462e-009,
2021/02/18 12:44:55.420,   31.333,  7.6917e-010,
2021/02/18 12:44:55.441,   31.500,  6.5610e-009,
2021/02/18 12:44:55.462,   31.667,  1.9149e-009,
2021/02/18 12:44:55.482,   31.833,  3.8536e-009,
2021/02/18 12:44:55.503,   32.000,  6.7834e-009,
2021/02/18 12:44:55.524,   32.167,  2.7265e-009,
2021/02/18 12:44:55.545,   32.333,  9.7994e-009,
2021/02/18 12:44:55.566,   32.500,  4.4359e-009,
2021/02/18 12:44:55.587,   32.667,  4.9653e-009,
2021/02/18 12:44:55.607,   32.833,  3.6663e-009,
2021/02/18 12:44:55.628,   33.000,  3.0580e-009,
2021/02/18 12:44:55.649,   33.167,  4.6529e-009,
2021/02/18 12:44:55.670,   33.333,  2.4586e-009,
2021/02/18 12:44:55.691,   33.500,  3.2760e-009,
2021/02/18 12:44:55.712,   33.667,  3.7041e-009,
2021/02/18 12:44:55.732,   33.833,  8.3221e-009,
2021/02/18 12:44:55.753,   34.000,  7.3414e-009,
2021/02/18 12:44:55.774,   34.167,  1.1897e-010,
2021/02/18 12:44:55.795,   34.333,  4.0811e-009,
2021/02/18 12:44:55.816,   34.500,  5.7005e-009,
2021/02/18 12:44:55.837,   34.667,  4.5687e-009,
2021/02/18 12:44:55.857,   34.833,  2.5971e-009,
2021/02/18 12:44:55.878,   35.000,  3.5699e-009,
2021/02/18 12:44:55.899,   35.167,  5.8559e-009,
2021/02/18 12:44:55.920,   35.333,  0.0000e+000,
2021/02/18 12:44:55.941,   35.500,  3.4326e-009,
2021/02/18 12:44:55.962,   35.667,  3.9023e-009,
2021/02/18 12:44:55.982,   35.833,  6.4590e-009,
2021/02/18 12:44:56.003,   36.000,  8.0111e-009,
2021/02/18 12:44:56.024,   36.167,  3.4966e-009,
2021/02/18 12:44:56.045,   36.333,  6.8296e-009,
2021/02/18 12:44:56.066,   36.500,  1.0302e-009,
2021/02/18 12:44:56.087,   36.667,  7.9258e-009,
2021/02/18 12:44:56.107,   36.833,  3.7862e-009,
2021/02/18 12:44:56.128,   37.000,  3.3508e-009,
2021/02/18 12:44:56.149,   37.167,  2.8838e-009,
2021/02/18 12:44:56.170,   37.333,  0.0000e+000,
2021/02/18 12:44:56.191,   37.500,  0.0000e+000,
2021/02/18 12:44:56.212,   37.667,  4.8790e-009,
2021/02/18 12:44:56.232,   37.833,  7.4678e-009,
2021/02/18 12:44:56.253,   38.000,  5.3931e-009,
2021/02/18 12:44:56.274,   38.167,  4.9840e-009,
2021/02/18 12:44:56.295,   38.333,  7.1000e-009,
2021/02/18 12:44:56.316,   38.500,  0.0000e+000,
2021/02/18 12:44:56.337,   38.667,  9.2353e-009,
2021/02/18 12:44:56.357,   38.833,  1.0011e-008,
2021/02/18 12:44:56.378,   39.000,  1.1257e-008,
2021/02/18 12:44:56.399,   39.167,  1.3446e-008,
2021/02/18 12:44:56.420,   39.333,  1.7066e-008,
2021/02/18 12:44:56.441,   39.500,  2.1277e-007,
2021/02/18 12:44:56.462,   39.667,  8.1759e-007,
2021/02/18 12:44:56.482,   39.833,  9.1305e-007,
2021/02/18 12:44:56.503,   40.000,  8.6781e-007,
2021/02/18 12:44:56.524,   40.167,  7.8906e-007,
2021/02/18 12:44:56.545,   40.333,  6.3856e-007,
2021/02/18 12:44:56.566,   40.500,  1.0140e-008,
2021/02/18 12:44:56.587,   40.667,  1.0090e-008,
2021/02/18 12:44:56.607,   40.833,  1.0623e-008,
2021/02/18 12:44:56.628,   41.000,  1.7996e-008,
2021/02/18 12:44:56.649,   41.167,  1.4581e-008,
2021/02/18 12:44:56.670,   41.333,  9.1926e-009,
2021/02/18 12:44:56.691,   41.500,  2.4745e-009,
2021/02/18 12:44:56.712,   41.667,  0.0000e+000,
2021/02/18 12:44:56.732,   41.833,  5.4590e-009,
2021/02/18 12:44:56.753,   42.000,  7.4377e-009,
2021/02/18 12:44:56.774,   42.167,  6.5427e-009,
2021/02/18 12:44:56.795,   42.333,  5.1853e-009,
2021/02/18 12:44:56.816,   42.500,  1.0816e-008,
2021/02/18 12:44:56.837,   42.667,  1.3805e-008,
2021/02/18 12:44:56.857,   42.833,  1.5990e-008,
2021/02/18 12:44:56.878,   43.000,  1.4053e-008,
2021/02/18 12:44:56.899,   43.167,  1.0451e-008,
2021/02/18 12:44:56.920,   43.333,  1.3730e-008,
2021/02/18 12:44:56.941,   43.500,  9.6988e-009,
2021/02/18 12:44:56.962,   43.667,  1.1583e-008,
2021/02/18 12:44:56.982,   43.833,  1.0114e-008,
2021/02/18 12:44:57.003,   44.000,  1.3828e-008,
2021/02/18 12:44:57.024,   44.167,  1.6315e-008,
2021/02/18 12:44:57.045,   44.333,  1.9256e-008,
2021/02/18 12:44:57.066,   44.500,  7.5932e-009,
2021/02/18 12:44:57.087,   44.667,  6.8027e-009,
2021/02/18 12:44:57.107,   44.833,  8.4173e-009,
2021/02/18 12:44:57.128,   45.000,  7.2087e-009,
2021/02/18 12:44:57.149,   45.167,  6.0024e-009,
2021/02/18 12:44:57.170,   45.333,  3.9783e-009,
2021/02/18 12:44:57.191,   45.500,  4.7696e-009,
2021/02/18 12:44:57.212,   45.667,  6.4044e-009,
2021/02/18 12:44:57.232,   45.833,  4.4217e-009,
2021/02/18 12:44:57.253,   46.000,  3.1753e-009,
2021/02/18 12:44:57.274,   46.167,  1.3977e-009,
2021/02/18 12:44:57.295,   46.333,  2.6356e-009,
2021/02/18 12:44:57.316,   46.500,  4.6795e-009,
2021/02/18 12:44:57.337,   46.667,  2.4544e-009,
2021/02/18 12:44:57.357,   46.833,  0.0000e+000,
2021/02/18 12:44:57.378,   47.000,  2.2924e-009,
2021/02/18 12:44:57.399,   47.167,  5.6038e-009,
2021/02/18 12:44:57.420,   47.333,  3.1690e-009,
2021/02/18 12:44:57.441,   47.500,  5.5772e-009,
2021/02/18 12:44:57.462,   47.667,  1.9215e-009,
2021/02/18 12:44:57.482,   47.833,  4.2748e-010,
2021/02/18 12:44:57.503,   48.000,  4.7703e-009,
2021/02/18 12:44:57.524,   48.167,  3.1999e-009,
2021/02/18 12:44:57.545,   48.333,  1.1602e-010,
2021/02/18 12:44:57.566,   48.500,  0.0000e+000,
2021/02/18 12:44:57.587,   48.667,  1.1412e-008,
2021/02/18 12:44:57.607,   48.833,  3.9450e-009,
2021/02/18 12:44:57.628,   49.000,  9.2579e-009,
2021/02/18 12:44:57.649,   49.167,  0.0000e+000,
2021/02/18 12:44:57.670,   49.333,  1.6446e-009,
2021/02/18 12:44:57.691,   49.500,  2.0695e-009,
2021/02/18 12:44:57.712,   49.667,  7.6745e-009,
2021/02/18 12:44:57.732,   49.833,  6.4387e-009,
2021/02/18 12:44:57.753,   50.000,  6.9792e-010,
2021/02/18 12:44:57.774,   50.167,  5.4153e-009,
2021/02/18 12:44:57.795,   50.333,  2.7341e-009,
2021/02/18 12:44:57.816,   50.500,  1.7668e-010,
2021/02/18 12:44:57.837,   50.667,  3.6861e-009,
2021/02/18 12:44:57.857,   50.833,  4.7629e-009,
2021/02/18 12:44:57.878,   51.000,  4.2670e-009,
2021/02/18 12:44:57.899,   51.167,  3.1615e-009,
2021/02/18 12:44:57.920,   51.333,  2.3515e-009,
2021/02/18 12:44:57.941,   51.500,  3.3318e-009,
2021/02/18 12:44:57.962,   51.667,  6.1056e-009,
2021/02/18 12:44:57.982,   51.833,  2.5477e-009,
2021/02/18 12:44:58.003,   52.000,  2.4826e-009,
2021/02/18 12:44:58.024,   52.167,  5.3373e-009,
2021/02/18 12:44:58.045,   52.333,  0.0000e+000,
2021/02/18 12:44:58.066,   52.500,  4.2596e-009,
2021/02/18 12:44:58.087,   52.667,  0.0000e+000,
2021/02/18 12:44:58.107,   52.833,  1.8860e-009,
2021/02/18 12:44:58.128,   53.000,  2.2516e-009,
2021/02/18 12:44:58.149,   53.167,  5.5172e-009,
2021/02/18 12:44:58.170,   53.333,  2.0889e-009,
2021/02/18 12:44:58.191,   53.500,  5.8974e-009,
2021/02/18 12:44:58.212,   53.667,  0.0000e+000,
2021/02/18 12:44:58.232,   53.833,  2.5739e-009,
2021/02/18 12:44:58.253,   54.000,  3.7189e-009,
2021/02/18 12:44:58.274,   54.167,  8.6493e-009,
2021/02/18 12:44:58.295,   54.333,  4.6194e-009,
2021/02/18 12:44:58.316,   54.500,  3.9087e-009,
2021/02/18 12:44:58.337,   54.667,  6.7661e-009,
2021/02/18 12:44:58.357,   54.833,  3.3353e-009,
2021/02/18 12:44:58.378,   55.000,  5.1889e-009,
2021/02/18 12:44:58.399,   55.167,  4.0435e-009,
2021/02/18 12:44:58.420,   55.333,  3.3630e-009,
2021/02/18 12:44:58.441,   55.500,  0.0000e+000,
2021/02/18 12:44:58.462,   55.667,  3.0513e-009,
2021/02/18 12:44:58.482,   55.833,  1.1397e-009,
2021/02/18 12:44:58.503,   56.000,  4.2575e-009,
2021/02/18 12:44:58.524,   56.167,  6.1691e-009,
2021/02/18 12:44:58.545,   56.333,  4.8423e-009,
2021/02/18 12:44:58.566,   56.500,  7.1395e-009,
2021/02/18 12:44:58.587,   56.667,  1.1906e-009,
2021/02/18 12:44:58.607,   56.833,  7.3057e-010,
2021/02/18 12:44:58.628,   57.000,  3.9507e-009,
2021/02/18 12:44:58.649,   57.167,  5.3811e-009,
2021/02/18 12:44:58.670,   57.333,  1.6571e-009,
2021/02/18 12:44:58.691,   57.500,  1.1356e-009,
2021/02/18 12:44:58.712,   57.667,  4.3162e-009,
2021/02/18 12:44:58.732,   57.833,  4.9696e-009,
2021/02/18 12:44:58.753,   58.000,  4.7838e-009,
2021/02/18 12:44:58.774,   58.167,  3.0162e-009,
2021/02/18 12:44:58.795,   58.333,  1.6108e-009,
2021/02/18 12:44:58.816,   58.500,  3.2431e-009,
2021/02/18 12:44:58.837,   58.667,  4.1343e-009,
2021/02/18 12:44:58.857,   58.833,  1.8860e-009,
2021/02/18 12:44:58.878,   59.000,  4.3992e-009,
2021/02/18 12:44:58.899,   59.167,  3.2431e-009,
2021/02/18 12:44:58.920,   59.333,  6.9804e-009,
2021/02/18 12:44:58.941,   59.500,  3.0240e-009,
2021/02/18 12:44:58.962,   59.667,  1.5219e-009,
2021/02/18 12:44:58.982,   59.833,  2.5695e-009,
2021/02/18 12:44:59.003,   60.000,  3.0234e-009,
2021/02/18 12:44:59.024,   60.167,  5.6087e-009,
2021/02/18 12:44:59.045,   60.333,  3.3794e-009,
2021/02/18 12:44:59.066,   60.500,  5.5121e-009,
2021/02/18 12:44:59.087,   60.667,  6.7357e-009,
2021/02/18 12:44:59.107,   60.833,  1.6722e-009,
2021/02/18 12:44:59.128,   61.000,  5.2587e-009,
2021/02/18 12:44:59.149,   61.167,  4.4785e-009,
2021/02/18 12:44:59.170,   61.333,  2.8051e-009,
2021/02/18 12:44:59.191,   61.500,  3.3549e-009,
2021/02/18 12:44:59.212,   61.667,  4.2243e-009,
2021/02/18 12:44:59.232,   61.833,  1.5292e-009,
2021/02/18 12:44:59.253,   62.000,  1.1761e-009,
2021/02/18 12:44:59.274,   62.167,  5.2381e-009,
2021/02/18 12:44:59.295,   62.333,  2.6264e-009,
2021/02/18 12:44:59.316,   62.500,  7.8357e-009,
2021/02/18 12:44:59.337,   62.667,  9.6721e-010,
2021/02/18 12:44:59.357,   62.833,  2.2366e-010,
2021/02/18 12:44:59.378,   63.000,  2.0479e-009,
2021/02/18 12:44:59.399,   63.167,  4.5224e-009,
2021/02/18 12:44:59.420,   63.333,  5.1147e-009,
2021/02/18 12:44:59.441,   63.500,  2.9489e-009,
2021/02/18 12:44:59.462,   63.667,  8.5692e-009,
2021/02/18 12:44:59.482,   63.833,  6.8377e-009,
2021/02/18 12:44:59.503,   64.000,  2.1166e-009,
2021/02/18 12:44:59.524,   64.167,  4.2454e-009,
2021/02/18 12:44:59.545,   64.333,  1.1640e-009,
2021/02/18 12:44:59.566,   64.500,  6.1945e-009,
2021/02/18 12:44:59.587,   64.667,  3.4550e-009,
2021/02/18 12:44:59.607,   64.833,  2.8260e-009,
2021/02/18 12:44:59.628,   65.000,  4.8256e-009,
2021/02/18 12:44:59.649,   65.167,  8.6088e-009,
2021/02/18 12:44:59.670,   65.333,  4.6642e-009,
2021/02/18 12:44:59.691,   65.500,  6.9993e-009,
2021/02/18 12:44:59.712,   65.667,  3.7912e-009,
2021/02/18 12:44:59.732,   65.833,  0.0000e+000,
2021/02/18 12:44:59.753,   66.000,  1.2190e-009,
2021/02/18 12:44:59.774,   66.167,  5.7201e-010,
2021/02/18 12:44:59.795,   66.333,  3.5123e-009,
2021/02/18 12:44:59.816,   66.500,  6.9019e-009,
2021/02/18 12:44:59.837,   66.667,  4.5122e-010,
2021/02/18 12:44:59.857,   66.833,  2.7055e-009,
2021/02/18 12:44:59.878,   67.000,  2.8771e-010,
2021/02/18 12:44:59.899,   67.167,  4.1448e-009,
2021/02/18 12:44:59.920,   67.333,  2.8490e-009,
2021/02/18 12:44:59.941,   67.500,  2.5797e-009,
2021/02/18 12:44:59.962,   67.667,  4.5974e-009,
2021/02/18 12:44:59.982,   67.833,  1.1181e-009,
2021/02/18 12:45:00.003,   68.000,  4.6041e-009,
2021/02/18 12:45:00.024,   68.167,  5.5013e-009,
2021/02/18 12:45:00.045,   68.333,  7.5581e-009,
2021/02/18 12:45:00.066,   68.500,  4.5209e-009,
2021/02/18 12:45:00.087,   68.667,  5.2098e-011,
2021/02/18 12:45:00.107,   68.833,  1.6780e-009,
2021/02/18 12:45:00.128,   69.000,  4.3573e-009,
2021/02/18 12:45:00.149,   69.167,  1.3798e-009,
2021/02/18 12:45:00.170,   69.333,  5.8159e-009,
2021/02/18 12:45:00.191,   69.500,  4.5477e-009,
2021/02/18 12:45:00.212,   69.667,  1.1747e-008,
2021/02/18 12:45:00.232,   69.833,  5.8236e-009,
2021/02/18 12:45:00.253,   70.000,  4.9848e-009,
2021/02/18 12:45:00.274,   70.167,  3.6761e-009,
2021/02/18 12:45:00.295,   70.333,  2.1463e-009,
2021/02/18 12:45:00.316,   70.500,  4.2763e-009,
2021/02/18 12:45:00.337,   70.667,  1.5182e-009,
2021/02/18 12:45:00.357,   70.833,  2.6914e-009,
2021/02/18 12:45:00.378,   71.000,  4.7958e-009,
2021/02/18 12:45:00.399,   71.167,  3.0066e-009,
2021/02/18 12:45:00.420,   71.333,  4.3747e-009,
2021/02/18 12:45:00.441,   71.500,  2.9529e-009,
2021/02/18 12:45:00.462,   71.667,  2.4901e-009,
2021/02/18 12:45:00.482,   71.833,  5.1965e-009,
2021/02/18 12:45:00.503,   72.000,  2.3192e-009,
2021/02/18 12:45:00.524,   72.167,  5.3149e-009,
2021/02/18 12:45:00.545,   72.333,  1.4808e-009,
2021/02/18 12:45:00.566,   72.500,  6.7475e-009,
2021/02/18 12:45:00.587,   72.667,  7.8095e-009,
2021/02/18 12:45:00.607,   72.833,  5.8635e-009,
2021/02/18 12:45:00.628,   73.000,  3.1992e-009,
2021/02/18 12:45:00.649,   73.167,  2.9265e-009,
2021/02/18 12:45:00.670,   73.333,  3.0238e-009,
2021/02/18 12:45:00.691,   73.500,  0.0000e+000,
2021/02/18 12:45:00.712,   73.667,  1.3031e-009,
2021/02/18 12:45:00.732,   73.833,  7.9705e-010,
2021/02/18 12:45:00.753,   74.000,  7.7088e-011,
2021/02/18 12:45:00.774,   74.167,  2.6191e-009,
2021/02/18 12:45:00.795,   74.333,  7.9702e-009,
2021/02/18 12:45:00.816,   74.500,  6.0509e-009,
2021/02/18 12:45:00.837,   74.667,  2.5195e-009,
2021/02/18 12:45:00.857,   74.833,  2.2209e-009,
2021/02/18 12:45:00.878,   75.000,  5.1055e-009,
2021/02/18 12:45:00.899,   75.167,  4.9352e-010,
2021/02/18 12:45:00.920,   75.333,  1.7817e-009,
2021/02/18 12:45:00.941,   75.500,  2.1023e-009,
2021/02/18 12:45:00.962,   75.667,  7.6178e-009,
2021/02/18 12:45:00.982,   75.833,  4.0617e-009,
2021/02/18 12:45:01.003,   76.000,  4.9990e-009,
2021/02/18 12:45:01.024,   76.167,  2.9418e-009,
2021/02/18 12:45:01.045,   76.333,  1.6791e-009,
2021/02/18 12:45:01.066,   76.500,  1.0164e-009,
2021/02/18 12:45:01.087,   76.667,  4.1248e-009,
2021/02/18 12:45:01.107,   76.833,  1.8159e-009,
2021/02/18 12:45:01.128,   77.000,  3.3053e-009,
2021/02/18 12:45:01.149,   77.167,  5.8241e-009,
2021/02/18 12:45:01.170,   77.333,  5.6073e-009,
2021/02/18 12:45:01.191,   77.500,  3.8897e-010,
2021/02/18 12:45:01.212,   77.667,  4.4157e-011,
2021/02/18 12:45:01.232,   77.833,  2.5276e-009,
2021/02/18 12:45:01.253,   78.000,  5.8940e-009,
2021/02/18 12:45:01.274,   78.167,  0.0000e+000,
2021/02/18 12:45:01.295,   78.333,  4.7172e-009,
2021/02/18 12:45:01.316,   78.500,  4.2817e-009,
2021/02/18 12:45:01.337,   78.667,  3.7632e-009,
2021/02/18 12:45:01.357,   78.833,  4.0104e-009,
2021/02/18 12:45:01.378,   79.000,  6.4617e-009,
2021/02/18 12:45:01.399,   79.167,  0.0000e+000,
2021/02/18 12:45:01.420,   79.333,  6.5938e-010,
2021/02/18 12:45:01.441,   79.500,  0.0000e+000,
2021/02/18 12:45:01.462,   79.667,  7.2544e-009,
2021/02/18 12:45:01.482,   79.833,  3.0124e-010,
2021/02/18 12:45:01.503,   80.000,  6.6117e-009,
2021/02/18 12:45:01.524,   80.167,  1.4255e-009,
2021/02/18 12:45:01.545,   80.333,  7.6331e-009,
2021/02/18 12:45:01.566,   80.500,  8.3538e-009,
2021/02/18 12:45:01.587,   80.667,  3.0162e-009,
2021/02/18 12:45:01.607,   80.833,  4.1743e-009,
2021/02/18 12:45:01.628,   81.000,  6.5574e-009,
2021/02/18 12:45:01.649,   81.167,  2.5563e-009,
2021/02/18 12:45:01.670,   81.333,  2.9214e-009,
2021/02/18 12:45:01.691,   81.500,  3.6867e-009,
2021/02/18 12:45:01.712,   81.667,  7.2754e-009,
2021/02/18 12:45:01.732,   81.833,  6.6502e-009,
2021/02/18 12:45:01.753,   82.000,  2.9493e-009,
2021/02/18 12:45:01.774,   82.167,  3.8665e-009,
2021/02/18 12:45:01.795,   82.333,  1.5335e-009,
2021/02/18 12:45:01.816,   82.500,  5.5493e-009,
2021/02/18 12:45:01.837,   82.667,  0.0000e+000,
2021/02/18 12:45:01.857,   82.833,  3.4824e-009,
2021/02/18 12:45:01.878,   83.000,  4.0318e-009,
2021/02/18 12:45:01.899,   83.167,  2.9744e-009,
2021/02/18 12:45:01.920,   83.333,  8.1742e-009,
2021/02/18 12:45:01.941,   83.500,  4.8114e-009,
2021/02/18 12:45:01.962,   83.667,  1.5132e-009,
2021/02/18 12:45:01.982,   83.833,  1.3089e-009,
2021/02/18 12:45:02.003,   84.000,  3.3482e-009,
2021/02/18 12:45:02.024,   84.167,  4.2330e-009,
2021/02/18 12:45:02.045,   84.333,  6.2402e-010,
2021/02/18 12:45:02.066,   84.500,  5.9530e-009,
2021/02/18 12:45:02.087,   84.667,  3.7573e-009,
2021/02/18 12:45:02.107,   84.833,  6.8465e-009,
2021/02/18 12:45:02.128,   85.000,  5.0197e-010,
2021/02/18 12:45:02.149,   85.167,  3.3097e-009,
2021/02/18 12:45:02.170,   85.333,  5.6150e-009,
2021/02/18 12:45:02.191,   85.500,  3.5655e-009,
2021/02/18 12:45:02.212,   85.667,  5.6789e-009,
2021/02/18 12:45:02.232,   85.833,  9.7485e-009,
2021/02/18 12:45:02.253,   86.000,  3.4594e-009,
2021/02/18 12:45:02.274,   86.167,  6.9534e-009,
2021/02/18 12:45:02.295,   86.333,  9.5942e-009,
2021/02/18 12:45:02.316,   86.500,  2.7525e-009,
2021/02/18 12:45:02.337,   86.667,  4.9750e-009,
2021/02/18 12:45:02.357,   86.833,  1.0780e-009,
2021/02/18 12:45:02.378,   87.000,  1.8629e-009,
2021/02/18 12:45:02.399,   87.167,  0.0000e+000,
2021/02/18 12:45:02.420,   87.333,  4.1797e-009,
2021/02/18 12:45:02.441,   87.500,  2.1247e-009,
2021/02/18 12:45:02.462,   87.667,  3.8826e-009,
2021/02/18 12:45:02.482,   87.833,  5.6635e-009,
2021/02/18 12:45:02.503,   88.000,  1.0365e-009,
2021/02/18 12:45:02.524,   88.167,  1.9915e-009,
2021/02/18 12:45:02.545,   88.333,  2.3390e-009,
2021/02/18 12:45:02.566,   88.500,  1.1102e-009,
2021/02/18 12:45:02.587,   88.667,  5.5644e-009,
2021/02/18 12:45:02.607,   88.833,  4.9487e-009,
2021/02/18 12:45:02.628,   89.000,  4.9736e-009,
2021/02/18 12:45:02.649,   89.167,  5.1316e-009,
2021/02/18 12:45:02.670,   89.333,  3.3904e-009,
2021/02/18 12:45:02.691,   89.500,  0.0000e+000,
2021/02/18 12:45:02.712,   89.667,  4.5258e-009,
2021/02/18 12:45:02.732,   89.833,  4.5731e-010,
2021/02/18 12:45:02.753,   90.000,  1.9342e-009,
2021/02/18 12:45:02.774,   90.167,  4.6078e-009,
2021/02/18 12:45:02.795,   90.333,  1.2991e-009,
2021/02/18 12:45:02.816,   90.500,  6.5275e-009,
2021/02/18 12:45:02.837,   90.667,  9.5104e-009,
2021/02/18 12:45:02.857,   90.833,  3.8286e-009,
2021/02/18 12:45:02.878,   91.000,  3.4621e-009,
2021/02/18 12:45:02.899,   91.167,  5.7748e-009,
2021/02/18 12:45:02.920,   91.333,  2.4567e-009,
2021/02/18 12:45:02.941,   91.500,  3.1638e-009,
2021/02/18 12:45:02.962,   91.667,  2.9287e-009,
2021/02/18 12:45:02.982,   91.833,  1.2951e-009,
2021/02/18 12:45:03.003,   92.000,  5.1551e-009,
2021/02/18 12:45:03.024,   92.167,  1.9072e-009,
2021/02/18 12:45:03.045,   92.333,  4.3585e-009,
2021/02/18 12:45:03.066,   92.500,  5.8376e-009,
2021/02/18 12:45:03.087,   92.667,  3.8685e-009,
2021/02/18 12:45:03.107,   92.833,  3.2305e-009,
2021/02/18 12:45:03.128,   93.000,  2.0672e-009,
2021/02/18 12:45:03.149,   93.167,  1.5343e-009,
2021/02/18 12:45:03.170,   93.333,  0.0000e+000,
2021/02/18 12:45:03.191,   93.500,  3.8407e-009,
2021/02/18 12:45:03.212,   93.667,  1.9495e-009,
2021/02/18 12:45:03.232,   93.833,  4.8278e-009,
2021/02/18 12:45:03.253,   94.000,  4.3740e-009,
2021/02/18 12:45:03.274,   94.167,  0.0000e+000,
2021/02/18 12:45:03.295,   94.333,  0.0000e+000,
2021/02/18 12:45:03.316,   94.500,  2.3207e-009,
2021/02/18 12:45:03.337,   94.667,  2.9474e-009,
2021/02/18 12:45:03.357,   94.833,  6.3454e-009,
2021/02/18 12:45:03.378,   95.000,  4.8861e-009,
2021/02/18 12:45:03.399,   95.167,  4.6597e-009,
2021/02/18 12:45:03.420,   95.333,  4.3441e-009,
2021/02/18 12:45:03.441,   95.500,  7.0476e-009,
2021/02/18 12:45:03.462,   95.667,  5.3708e-009,
2021/02/18 12:45:03.482,   95.833,  5.9243e-009,
2021/02/18 12:45:03.503,   96.000,  6.8633e-009,
2021/02/18 12:45:03.524,   96.167,  5.3723e-009,
2021/02/18 12:45:03.545,   96.333,  2.6995e-009,
2021/02/18 12:45:03.566,   96.500,  2.2721e-009,
2021/02/18 12:45:03.587,   96.667,  4.0897e-009,
2021/02/18 12:45:03.607,   96.833,  2.4059e-009,
2021/02/18 12:45:03.628,   97.000,  5.2264e-009,
2021/02/18 12:45:03.649,   97.167,  1.7503e-009,
2021/02/18 12:45:03.670,   97.333,  7.2243e-009,
2021/02/18 12:45:03.691,   97.500,  1.9931e-009,
2021/02/18 12:45:03.712,   97.667,  4.6720e-009,
2021/02/18 12:45:03.732,   97.833,  4.5433e-009,
2021/02/18 12:45:03.753,   98.000,  6.4672e-009,
2021/02/18 12:45:03.774,   98.167,  6.3465e-009,
2021/02/18 12:45:03.795,   98.333,  6.1417e-009,
2021/02/18 12:45:03.816,   98.500,  6.7181e-009,
2021/02/18 12:45:03.837,   98.667,  2.3874e-009,
2021/02/18 12:45:03.857,   98.833,  4.6428e-009,
2021/02/18 12:45:03.878,   99.000,  3.8228e-009,
2021/02/18 12:45:03.899,   99.167,  0.0000e+000,
2021/02/18 12:45:03.920,   99.333,  2.0202e-009,
2021/02/18 12:45:03.941,   99.500,  4.6109e-009,
2021/02/18 12:45:03.962,   99.667,  8.6487e-009,
2021/02/18 12:45:03.982,   99.833,  3.7748e-009,
2021/02/18 12:45:04.003,  100.000,  1.5064e-009,
2021/02/18 12:45:04.024,  100.167,  4.5763e-009,
2021/02/18 12:45:04.045,  100.333,  4.9018e-009,
2021/02/18 12:45:04.066,  100.500,  3.2969e-009,
2021/02/18 12:45:04.087,  100.667,  8.0929e-009,
2021/02/18 12:45:04.107,  100.833,  8.3093e-009,
2021/02/18 12:45:04.128,  101.000,  4.4467e-009,
2021/02/18 12:45:04.149,  101.167,  9.2956e-009,
2021/02/18 12:45:04.170,  101.333,  3.8725e-009,
2021/02/18 12:45:04.191,  101.500,  1.6612e-009,
2021/02/18 12:45:04.212,  101.667,  7.4215e-009,
2021/02/18 12:45:04.232,  101.833,  3.6111e-009,
2021/02/18 12:45:04.253,  102.000,  4.6630e-009,
2021/02/18 12:45:04.274,  102.167,  3.8443e-009,
2021/02/18 12:45:04.295,  102.333,  0.0000e+000,
2021/02/18 12:45:04.316,  102.500,  3.1246e-009,
2021/02/18 12:45:04.337,  102.667,  7.3738e-009,
2021/02/18 12:45:04.357,  102.833,  1.7758e-009,
2021/02/18 12:45:04.378,  103.000,  4.0784e-009,
2021/02/18 12:45:04.399,  103.167,  6.7972e-011,
2021/02/18 12:45:04.420,  103.333,  1.8015e-009,
2021/02/18 12:45:04.441,  103.500,  6.5686e-009,
2021/02/18 12:45:04.462,  103.667,  0.0000e+000,
2021/02/18 12:45:04.482,  103.833,  7.2599e-009,
2021/02/18 12:45:04.503,  104.000,  7.9183e-010,
2021/02/18 12:45:04.524,  104.167,  3.6063e-009,
2021/02/18 12:45:04.545,  104.333,  1.7523e-009,
2021/02/18 12:45:04.566,  104.500,  4.8274e-009,
2021/02/18 12:45:04.587,  104.667,  4.7272e-009,
2021/02/18 12:45:04.607,  104.833,  4.3775e-009,
2021/02/18 12:45:04.628,  105.000,  7.6043e-009,
2021/02/18 12:45:04.649,  105.167,  4.8268e-009,
2021/02/18 12:45:04.670,  105.333,  2.9764e-009,
2021/02/18 12:45:04.691,  105.500,  4.5232e-009,
2021/02/18 12:45:04.712,  105.667,  7.9125e-009,
2021/02/18 12:45:04.732,  105.833,  4.1169e-009,
2021/02/18 12:45:04.753,  106.000,  4.2859e-009,
2021/02/18 12:45:04.774,  106.167,  2.6113e-009,
2021/02/18 12:45:04.795,  106.333,  3.1279e-009,
2021/02/18 12:45:04.816,  106.500,  1.8545e-009,
2021/02/18 12:45:04.837,  106.667,  4.9475e-011,
2021/02/18 12:45:04.857,  106.833,  2.6542e-009,
2021/02/18 12:45:04.878,  107.000,  2.0386e-009,
2021/02/18 12:45:04.899,  107.167,  8.7155e-009,
2021/02/18 12:45:04.920,  107.333,  6.9052e-009,
2021/02/18 12:45:04.941,  107.500,  2.2331e-009,
2021/02/18 12:45:04.962,  107.667,  7.6998e-010,
2021/02/18 12:45:04.982,  107.833,  3.9734e-009,
2021/02/18 12:45:05.003,  108.000,  2.1701e-009,
2021/02/18 12:45:05.024,  108.167,  1.9645e-009,
2021/02/18 12:45:05.045,  108.333,  5.5005e-009,
2021/02/18 12:45:05.066,  108.500,  3.9261e-009,
2021/02/18 12:45:05.087,  108.667,  2.2785e-009,
2021/02/18 12:45:05.107,  108.833,  5.8787e-009,
2021/02/18 12:45:05.128,  109.000,  1.7703e-009,
2021/02/18 12:45:05.149,  109.167,  5.2987e-009,
2021/02/18 12:45:05.170,  109.333,  4.5043e-009,
2021/02/18 12:45:05.191,  109.500,  3.4492e-009,
2021/02/18 12:45:05.212,  109.667,  3.1805e-009,
2021/02/18 12:45:05.232,  109.833,  9.5733e-009,
2021/02/18 12:45:05.253,  110.000,  2.6294e-009,
2021/02/18 12:45:05.274,  110.167,  2.3138e-009,
2021/02/18 12:45:05.295,  110.333,  5.4738e-009,
2021/02/18 12:45:05.316,  110.500,  3.8854e-009,
2021/02/18 12:45:05.337,  110.667,  2.8195e-009,
2021/02/18 12:45:05.357,  110.833,  1.0824e-009,
2021/02/18 12:45:05.378,  111.000,  8.4291e-010,
2021/02/18 12:45:05.399,  111.167,  7.5819e-010,
2021/02/18 12:45:05.420,  111.333,  2.4953e-009,
2021/02/18 12:45:05.441,  111.500,  5.4665e-009,
2021/02/18 12:45:05.462,  111.667,  8.1713e-009,
2021/02/18 12:45:05.482,  111.833,  5.5502e-009,
2021/02/18 12:45:05.503,  112.000,  2.4954e-009,
2021/02/18 12:45:05.524,  112.167,  0.0000e+000,
2021/02/18 12:45:05.545,  112.333,  3.8068e-009,
2021/02/18 12:45:05.566,  112.500,  1.9606e-009,
2021/02/18 12:45:05.587,  112.667,  2.4541e-009,
2021/02/18 12:45:05.607,  112.833,  1.2619e-009,
2021/02/18 12:45:05.628,  113.000,  6.6209e-010,
2021/02/18 12:45:05.649,  113.167,  6.0713e-009,
2021/02/18 12:45:05.670,  113.333,  0.0000e+000,
2021/02/18 12:45:05.691,  113.500,  4.6333e-009,
2021/02/18 12:45:05.712,  113.667,  3.7806e-009,
2021/02/18 12:45:05.732,  113.833,  1.4179e-009,
2021/02/18 12:45:05.753,  114.000,  5.5577e-009,
2021/02/18 12:45:05.774,  114.167,  1.8438e-009,
2021/02/18 12:45:05.795,  114.333,  6.2603e-010,
2021/02/18 12:45:05.816,  114.500,  1.1784e-009,
2021/02/18 12:45:05.837,  114.667,  7.1627e-009,
2021/02/18 12:45:05.857,  114.833,  3.9552e-009,
2021/02/18 12:45:05.878,  115.000,  9.1480e-010,
2021/02/18 12:45:05.899,  115.167,  1.0007e-008,
2021/02/18 12:45:05.920,  115.333,  1.9965e-009,
2021/02/18 12:45:05.941,  115.500,  5.2993e-010,
2021/02/18 12:45:05.962,  115.667,  1.4724e-009,
2021/02/18 12:45:05.982,  115.833,  3.7210e-009,
2021/02/18 12:45:06.003,  116.000,  5.0155e-009,
2021/02/18 12:45:06.024,  116.167,  5.2100e-009,
2021/02/18 12:45:06.045,  116.333,  2.3212e-009,
2021/02/18 12:45:06.066,  116.500,  5.3462e-009,
2021/02/18 12:45:06.087,  116.667,  3.4253e-009,
2021/02/18 12:45:06.107,  116.833,  2.7553e-009,
2021/02/18 12:45:06.128,  117.000,  9.1861e-010,
2021/02/18 12:45:06.149,  117.167,  4.3319e-009,
2021/02/18 12:45:06.170,  117.333,  5.4251e-009,
2021/02/18 12:45:06.191,  117.500,  1.0142e-009,
2021/02/18 12:45:06.212,  117.667,  1.0175e-008,
2021/02/18 12:45:06.232,  117.833,  5.8754e-009,
2021/02/18 12:45:06.253,  118.000,  5.7555e-010,
2021/02/18 12:45:06.274,  118.167,  6.7802e-009,
2021/02/18 12:45:06.295,  118.333,  3.7538e-009,
2021/02/18 12:45:06.316,  118.500,  3.1882e-009,
2021/02/18 12:45:06.337,  118.667,  4.5378e-009,
2021/02/18 12:45:06.357,  118.833,  1.4641e-009,
2021/02/18 12:45:06.378,  119.000,  8.1828e-009,
2021/02/18 12:45:06.399,  119.167,  8.8990e-009,
2021/02/18 12:45:06.420,  119.333,  6.7859e-009,
2021/02/18 12:45:06.441,  119.500,  6.0394e-009,
2021/02/18 12:45:06.462,  119.667,  3.1081e-009,
2021/02/18 12:45:06.482,  119.833,  4.9964e-009,
2021/02/18 12:45:06.503,  120.000,  6.3989e-010,
2021/02/18 12:45:06.524,  120.167,  2.9955e-009,
2021/02/18 12:45:06.545,  120.333,  6.9432e-009,
2021/02/18 12:45:06.566,  120.500,  7.3509e-009,
