<?xml version="1.0" encoding="us-ascii"?>
<ConfigurationData>
   <CommunicationParameters
      Port="COM3"
      Baud="9600"
      PacketFrequency="5.0"
      PacketTimeout="1.0"
      CommunicationsType="1"
      UserFrequency="5.0"
      UserTimeout="1.0"
      NamedPort=""
   />

   <ConfigurationParameters
      Filename="C:\Users\cxh002\Desktop\RGA CONFIG FILES\rga_working_cal.cfg"
      Description="Air Leak + PTA"
      TimeStamp="07e5000200040012000f0002001b00fb"
      DateTime="2/18/2021 3:02:27 PM"
      Caption="6507"
      Serial="6507"
      Model="300"
   />

   <ScanParameters
      ScanSpeed="48"
      LowMass="1"
      HighMass="120"
      SamplesPerAMU="6"
   />

   <OperatingParameters
      Mode="Mass sweep"
      Focus1="-20"
      Focus2="-68"
      ElectronEnergy="70"
      FilamentEmission="2.0"
      AutoZero="Off"
      ScanMode="Sweep"
      Filament="1"
      PressureUnits="Pascal"
      EnableElectronMultiplier="0"
      MultiplierVoltage="1095"
      FilamentForceOffStartup="1"
   />

   <CalibrationParameters
      LowCalMass="1"
      LowCalResolution="572"
      LowCalPosition="0.44"
      LowCalIonEnergy="5.0"
      HighCalMass="300"
      HighCalResolution="1670"
      HighCalPosition="0.40"
      HighCalIonEnergy="5.0"
      TotalAmpOffset="2000"
      PartialAmpOffset="2475"
      TotalIntegratingCap="10.00"
      PartialIntegratingCap="3.00"
      RFSettleTime="50"
      SWSettleTime="10"
      Pirani1ATM="1.98700"
      PiraniZero="0.31300"
      PiraniAutoRecalibrate="0"
      PartialSensitivity="6.00e-004"
      TotalSensitivity="1.00e+001"
      debug="0"
   />

   <LogFileParameters
      Mode="2"
      FileName=""
      DirectoryName="C:\Users\cxh002\Desktop\rga_data"
      CreationOption="0"
      NSweeps="1"
      FileRecordingOn="1"
   />


   <PrintingParameters
      InvertColors="1"
      ShowConfigurationFile="1"
      ShowDescription="1"
      ShowTotalPressure="1"
      ShowPiraniPressure="1"
      DateFormat=""
      TimeFormat=""
   />


   <WindowParameters>
       <Frame
            flags="2"
            showCmd="3"
            ptMinPosition.x="-1"
            ptMinPosition.y="-1"
            ptMaxPosition.x="-8"
            ptMaxPosition.y="-31"
            rcNormalPosition.left="26"
            rcNormalPosition.top="68"
            rcNormalPosition.right="910"
            rcNormalPosition.bottom="417"
       />
       <Setup
            flags="0"
            showCmd="1"
            ptMinPosition.x="-1"
            ptMinPosition.y="-1"
            ptMaxPosition.x="-1"
            ptMaxPosition.y="-1"
            rcNormalPosition.left="659"
            rcNormalPosition.top="50"
            rcNormalPosition.right="1362"
            rcNormalPosition.bottom="610"
       />
       <Main
            flags="2"
            showCmd="3"
            ptMinPosition.x="-1"
            ptMinPosition.y="-1"
            ptMaxPosition.x="-1"
            ptMaxPosition.y="-1"
            rcNormalPosition.left="26"
            rcNormalPosition.top="26"
            rcNormalPosition.right="1051"
            rcNormalPosition.bottom="551"
       />
   </WindowParameters>

   <PlotParameters
      BkColor="Silver"
      LineColor="Teal"
      ScanColor="Black"
      MouseWheel="0"
      LogYAxis="1"
   />

</ConfigurationData>
2021/02/18 23:40:33.811,    0.667,  4.8083e-006,
2021/02/18 23:40:33.831,    0.833,  4.5992e-006,
2021/02/18 23:40:33.852,    1.000,  4.4845e-006,
2021/02/18 23:40:33.873,    1.167,  4.9199e-006,
2021/02/18 23:40:33.894,    1.333,  5.1193e-006,
2021/02/18 23:40:33.915,    1.500,  4.7232e-006,
2021/02/18 23:40:33.936,    1.667,  4.7959e-006,
2021/02/18 23:40:33.956,    1.833,  4.9589e-006,
2021/02/18 23:40:33.977,    2.000,  4.5840e-006,
2021/02/18 23:40:33.998,    2.167,  3.7734e-006,
2021/02/18 23:40:34.019,    2.333,  2.8235e-006,
2021/02/18 23:40:34.040,    2.500,  1.6218e-006,
2021/02/18 23:40:34.061,    2.667,  2.2677e-009,
2021/02/18 23:40:34.081,    2.833,  7.5827e-009,
2021/02/18 23:40:34.102,    3.000,  5.8657e-009,
2021/02/18 23:40:34.123,    3.167,  4.5233e-009,
2021/02/18 23:40:34.144,    3.333,  5.9146e-009,
2021/02/18 23:40:34.165,    3.500,  5.5910e-009,
2021/02/18 23:40:34.186,    3.667,  5.8538e-009,
2021/02/18 23:40:34.206,    3.833,  5.3127e-009,
2021/02/18 23:40:34.227,    4.000,  1.8373e-009,
2021/02/18 23:40:34.248,    4.167,  0.0000e+000,
2021/02/18 23:40:34.269,    4.333,  5.2804e-010,
2021/02/18 23:40:34.290,    4.500,  4.0868e-009,
2021/02/18 23:40:34.311,    4.667,  1.2887e-009,
2021/02/18 23:40:34.331,    4.833,  4.1430e-009,
2021/02/18 23:40:34.352,    5.000,  0.0000e+000,
2021/02/18 23:40:34.373,    5.167,  0.0000e+000,
2021/02/18 23:40:34.394,    5.333,  0.0000e+000,
2021/02/18 23:40:34.415,    5.500,  1.3871e-009,
2021/02/18 23:40:34.436,    5.667,  0.0000e+000,
2021/02/18 23:40:34.456,    5.833,  4.8368e-009,
2021/02/18 23:40:34.477,    6.000,  3.0076e-009,
2021/02/18 23:40:34.498,    6.167,  3.9154e-009,
2021/02/18 23:40:34.519,    6.333,  3.6633e-010,
2021/02/18 23:40:34.540,    6.500,  2.9676e-009,
2021/02/18 23:40:34.561,    6.667,  1.5968e-009,
2021/02/18 23:40:34.581,    6.833,  4.3499e-009,
2021/02/18 23:40:34.602,    7.000,  4.9562e-009,
2021/02/18 23:40:34.623,    7.167,  3.7799e-009,
2021/02/18 23:40:34.644,    7.333,  4.0055e-009,
2021/02/18 23:40:34.665,    7.500,  0.0000e+000,
2021/02/18 23:40:34.686,    7.667,  0.0000e+000,
2021/02/18 23:40:34.706,    7.833,  3.2895e-009,
2021/02/18 23:40:34.727,    8.000,  5.3808e-009,
2021/02/18 23:40:34.748,    8.167,  5.2648e-009,
2021/02/18 23:40:34.769,    8.333,  2.5295e-010,
2021/02/18 23:40:34.790,    8.500,  2.3468e-009,
2021/02/18 23:40:34.811,    8.667,  1.1017e-010,
2021/02/18 23:40:34.831,    8.833,  4.0732e-009,
2021/02/18 23:40:34.852,    9.000,  4.4379e-009,
2021/02/18 23:40:34.873,    9.167,  2.5238e-009,
2021/02/18 23:40:34.894,    9.333,  3.6636e-009,
2021/02/18 23:40:34.915,    9.500,  3.9582e-009,
2021/02/18 23:40:34.936,    9.667,  3.0709e-009,
2021/02/18 23:40:34.956,    9.833,  3.8614e-009,
2021/02/18 23:40:34.977,   10.000,  1.1799e-009,
2021/02/18 23:40:34.998,   10.167,  0.0000e+000,
2021/02/18 23:40:35.019,   10.333,  4.0931e-009,
2021/02/18 23:40:35.040,   10.500,  4.2823e-009,
2021/02/18 23:40:35.061,   10.667,  1.3219e-009,
2021/02/18 23:40:35.081,   10.833,  2.1316e-009,
2021/02/18 23:40:35.102,   11.000,  2.5997e-009,
2021/02/18 23:40:35.123,   11.167,  7.0147e-009,
2021/02/18 23:40:35.144,   11.333,  1.1193e-008,
2021/02/18 23:40:35.165,   11.500,  5.6919e-009,
2021/02/18 23:40:35.186,   11.667,  3.2225e-008,
2021/02/18 23:40:35.206,   11.833,  3.2220e-008,
2021/02/18 23:40:35.227,   12.000,  3.6377e-008,
2021/02/18 23:40:35.248,   12.167,  3.1460e-008,
2021/02/18 23:40:35.269,   12.333,  2.6234e-008,
2021/02/18 23:40:35.290,   12.500,  9.5405e-009,
2021/02/18 23:40:35.311,   12.667,  1.0631e-008,
2021/02/18 23:40:35.331,   12.833,  1.6302e-008,
2021/02/18 23:40:35.352,   13.000,  1.3059e-008,
2021/02/18 23:40:35.373,   13.167,  1.1676e-008,
2021/02/18 23:40:35.394,   13.333,  1.5702e-008,
2021/02/18 23:40:35.415,   13.500,  3.8338e-009,
2021/02/18 23:40:35.436,   13.667,  1.9676e-008,
2021/02/18 23:40:35.456,   13.833,  2.6053e-008,
2021/02/18 23:40:35.477,   14.000,  2.8035e-008,
2021/02/18 23:40:35.498,   14.167,  2.7695e-008,
2021/02/18 23:40:35.519,   14.333,  2.7577e-008,
2021/02/18 23:40:35.540,   14.500,  1.5902e-008,
2021/02/18 23:40:35.561,   14.667,  7.6892e-008,
2021/02/18 23:40:35.581,   14.833,  1.1067e-007,
2021/02/18 23:40:35.602,   15.000,  1.1564e-007,
2021/02/18 23:40:35.623,   15.167,  1.0276e-007,
2021/02/18 23:40:35.644,   15.333,  9.1396e-008,
2021/02/18 23:40:35.665,   15.500,  4.0198e-008,
2021/02/18 23:40:35.686,   15.667,  6.5593e-008,
2021/02/18 23:40:35.706,   15.833,  1.0781e-007,
2021/02/18 23:40:35.727,   16.000,  1.1748e-007,
2021/02/18 23:40:35.748,   16.167,  9.8886e-008,
2021/02/18 23:40:35.769,   16.333,  7.8720e-008,
2021/02/18 23:40:35.790,   16.500,  4.2940e-008,
2021/02/18 23:40:35.811,   16.667,  7.4101e-009,
2021/02/18 23:40:35.831,   16.833,  7.3590e-009,
2021/02/18 23:40:35.852,   17.000,  1.0400e-008,
2021/02/18 23:40:35.873,   17.167,  1.3794e-008,
2021/02/18 23:40:35.894,   17.333,  9.9101e-009,
2021/02/18 23:40:35.915,   17.500,  8.3390e-009,
2021/02/18 23:40:35.936,   17.667,  1.5021e-008,
2021/02/18 23:40:35.956,   17.833,  2.2993e-008,
2021/02/18 23:40:35.977,   18.000,  2.7252e-008,
2021/02/18 23:40:35.998,   18.167,  2.6422e-008,
2021/02/18 23:40:36.019,   18.333,  2.1347e-008,
2021/02/18 23:40:36.040,   18.500,  7.2462e-009,
2021/02/18 23:40:36.061,   18.667,  7.2168e-009,
2021/02/18 23:40:36.081,   18.833,  5.6462e-009,
2021/02/18 23:40:36.102,   19.000,  5.4923e-009,
2021/02/18 23:40:36.123,   19.167,  4.7729e-009,
2021/02/18 23:40:36.144,   19.333,  7.1487e-009,
2021/02/18 23:40:36.165,   19.500,  2.3228e-008,
2021/02/18 23:40:36.186,   19.667,  1.0724e-007,
2021/02/18 23:40:36.206,   19.833,  1.4364e-007,
2021/02/18 23:40:36.227,   20.000,  1.5539e-007,
2021/02/18 23:40:36.248,   20.167,  1.2555e-007,
2021/02/18 23:40:36.269,   20.333,  9.3851e-008,
2021/02/18 23:40:36.290,   20.500,  2.4543e-009,
2021/02/18 23:40:36.311,   20.667,  2.3151e-009,
2021/02/18 23:40:36.331,   20.833,  2.1358e-009,
2021/02/18 23:40:36.352,   21.000,  0.0000e+000,
2021/02/18 23:40:36.373,   21.167,  3.0717e-009,
2021/02/18 23:40:36.394,   21.333,  2.6408e-009,
2021/02/18 23:40:36.415,   21.500,  2.7744e-009,
2021/02/18 23:40:36.436,   21.667,  4.9909e-009,
2021/02/18 23:40:36.456,   21.833,  5.2259e-009,
2021/02/18 23:40:36.477,   22.000,  6.1095e-009,
2021/02/18 23:40:36.498,   22.167,  0.0000e+000,
2021/02/18 23:40:36.519,   22.333,  1.3686e-009,
2021/02/18 23:40:36.540,   22.500,  3.0124e-009,
2021/02/18 23:40:36.561,   22.667,  7.1647e-009,
2021/02/18 23:40:36.581,   22.833,  3.4128e-009,
2021/02/18 23:40:36.602,   23.000,  1.9251e-009,
2021/02/18 23:40:36.623,   23.167,  7.9706e-010,
2021/02/18 23:40:36.644,   23.333,  3.5959e-009,
2021/02/18 23:40:36.665,   23.500,  1.9835e-009,
2021/02/18 23:40:36.686,   23.667,  7.2743e-009,
2021/02/18 23:40:36.706,   23.833,  6.0530e-009,
2021/02/18 23:40:36.727,   24.000,  9.1078e-009,
2021/02/18 23:40:36.748,   24.167,  5.3185e-009,
2021/02/18 23:40:36.769,   24.333,  6.5863e-009,
2021/02/18 23:40:36.790,   24.500,  1.8900e-009,
2021/02/18 23:40:36.811,   24.667,  1.2253e-008,
2021/02/18 23:40:36.831,   24.833,  1.2097e-008,
2021/02/18 23:40:36.852,   25.000,  1.2508e-008,
2021/02/18 23:40:36.873,   25.167,  1.1029e-008,
2021/02/18 23:40:36.894,   25.333,  1.1064e-008,
2021/02/18 23:40:36.915,   25.500,  9.5095e-009,
2021/02/18 23:40:36.936,   25.667,  2.3116e-008,
2021/02/18 23:40:36.956,   25.833,  3.3636e-008,
2021/02/18 23:40:36.977,   26.000,  3.9267e-008,
2021/02/18 23:40:36.998,   26.167,  3.3318e-008,
2021/02/18 23:40:37.019,   26.333,  2.7289e-008,
2021/02/18 23:40:37.040,   26.500,  1.5042e-008,
2021/02/18 23:40:37.061,   26.667,  1.8373e-008,
2021/02/18 23:40:37.081,   26.833,  2.6957e-008,
2021/02/18 23:40:37.102,   27.000,  2.8485e-008,
2021/02/18 23:40:37.123,   27.167,  2.9313e-008,
2021/02/18 23:40:37.144,   27.333,  3.5965e-008,
2021/02/18 23:40:37.165,   27.500,  1.3546e-007,
2021/02/18 23:40:37.186,   27.667,  5.2002e-007,
2021/02/18 23:40:37.206,   27.833,  7.0823e-007,
2021/02/18 23:40:37.227,   28.000,  7.4250e-007,
2021/02/18 23:40:37.248,   28.167,  6.3107e-007,
2021/02/18 23:40:37.269,   28.333,  4.7914e-007,
2021/02/18 23:40:37.290,   28.500,  5.5854e-008,
2021/02/18 23:40:37.311,   28.667,  3.5511e-008,
2021/02/18 23:40:37.331,   28.833,  4.8451e-008,
2021/02/18 23:40:37.352,   29.000,  4.3983e-008,
2021/02/18 23:40:37.373,   29.167,  3.6820e-008,
2021/02/18 23:40:37.394,   29.333,  3.7400e-008,
2021/02/18 23:40:37.415,   29.500,  1.8050e-008,
2021/02/18 23:40:37.436,   29.667,  1.2129e-008,
2021/02/18 23:40:37.456,   29.833,  9.9826e-009,
2021/02/18 23:40:37.477,   30.000,  1.6751e-008,
2021/02/18 23:40:37.498,   30.167,  1.3757e-008,
2021/02/18 23:40:37.519,   30.333,  7.0198e-009,
2021/02/18 23:40:37.540,   30.500,  4.7877e-009,
2021/02/18 23:40:37.561,   30.667,  1.1946e-008,
2021/02/18 23:40:37.581,   30.833,  1.6204e-008,
2021/02/18 23:40:37.602,   31.000,  1.8150e-008,
2021/02/18 23:40:37.623,   31.167,  1.4686e-008,
2021/02/18 23:40:37.644,   31.333,  1.4129e-008,
2021/02/18 23:40:37.665,   31.500,  5.9647e-009,
2021/02/18 23:40:37.686,   31.667,  7.5180e-009,
2021/02/18 23:40:37.706,   31.833,  8.8907e-009,
2021/02/18 23:40:37.727,   32.000,  1.2686e-008,
2021/02/18 23:40:37.748,   32.167,  1.0984e-008,
2021/02/18 23:40:37.769,   32.333,  1.2298e-008,
2021/02/18 23:40:37.790,   32.500,  2.6975e-009,
2021/02/18 23:40:37.811,   32.667,  0.0000e+000,
2021/02/18 23:40:37.831,   32.833,  5.7588e-009,
2021/02/18 23:40:37.852,   33.000,  5.4856e-009,
2021/02/18 23:40:37.873,   33.167,  5.4434e-009,
2021/02/18 23:40:37.894,   33.333,  3.2638e-009,
2021/02/18 23:40:37.915,   33.500,  1.8074e-009,
2021/02/18 23:40:37.936,   33.667,  7.3395e-009,
2021/02/18 23:40:37.956,   33.833,  4.9193e-009,
2021/02/18 23:40:37.977,   34.000,  2.1205e-009,
2021/02/18 23:40:37.998,   34.167,  2.0780e-009,
2021/02/18 23:40:38.019,   34.333,  6.8231e-009,
2021/02/18 23:40:38.040,   34.500,  1.6477e-009,
2021/02/18 23:40:38.061,   34.667,  3.2954e-009,
2021/02/18 23:40:38.081,   34.833,  8.3746e-009,
2021/02/18 23:40:38.102,   35.000,  2.5087e-009,
2021/02/18 23:40:38.123,   35.167,  1.0306e-008,
2021/02/18 23:40:38.144,   35.333,  1.3330e-009,
2021/02/18 23:40:38.165,   35.500,  1.9655e-009,
2021/02/18 23:40:38.186,   35.667,  6.2963e-009,
2021/02/18 23:40:38.206,   35.833,  6.9516e-009,
2021/02/18 23:40:38.227,   36.000,  8.0688e-009,
2021/02/18 23:40:38.248,   36.167,  6.1040e-009,
2021/02/18 23:40:38.269,   36.333,  6.0145e-009,
2021/02/18 23:40:38.290,   36.500,  3.3108e-009,
2021/02/18 23:40:38.311,   36.667,  1.1523e-008,
2021/02/18 23:40:38.331,   36.833,  6.9988e-009,
2021/02/18 23:40:38.352,   37.000,  1.2429e-008,
2021/02/18 23:40:38.373,   37.167,  7.5626e-009,
2021/02/18 23:40:38.394,   37.333,  1.3309e-008,
2021/02/18 23:40:38.415,   37.500,  5.7973e-009,
2021/02/18 23:40:38.436,   37.667,  1.0958e-008,
2021/02/18 23:40:38.456,   37.833,  1.9015e-008,
2021/02/18 23:40:38.477,   38.000,  1.7367e-008,
2021/02/18 23:40:38.498,   38.167,  1.9967e-008,
2021/02/18 23:40:38.519,   38.333,  1.5649e-008,
2021/02/18 23:40:38.540,   38.500,  1.4021e-008,
2021/02/18 23:40:38.561,   38.667,  4.6896e-008,
2021/02/18 23:40:38.581,   38.833,  5.5428e-008,
2021/02/18 23:40:38.602,   39.000,  5.9822e-008,
2021/02/18 23:40:38.623,   39.167,  7.3290e-008,
2021/02/18 23:40:38.644,   39.333,  6.5423e-008,
2021/02/18 23:40:38.665,   39.500,  2.5259e-007,
2021/02/18 23:40:38.686,   39.667,  8.4230e-007,
2021/02/18 23:40:38.706,   39.833,  1.0204e-006,
2021/02/18 23:40:38.727,   40.000,  1.0403e-006,
2021/02/18 23:40:38.748,   40.167,  9.1663e-007,
2021/02/18 23:40:38.769,   40.333,  6.6661e-007,
2021/02/18 23:40:38.790,   40.500,  2.4401e-008,
2021/02/18 23:40:38.811,   40.667,  6.8243e-008,
2021/02/18 23:40:38.831,   40.833,  9.5886e-008,
2021/02/18 23:40:38.852,   41.000,  9.3989e-008,
2021/02/18 23:40:38.873,   41.167,  9.6133e-008,
2021/02/18 23:40:38.894,   41.333,  8.4347e-008,
2021/02/18 23:40:38.915,   41.500,  2.9780e-008,
2021/02/18 23:40:38.936,   41.667,  1.2229e-008,
2021/02/18 23:40:38.956,   41.833,  1.0959e-008,
2021/02/18 23:40:38.977,   42.000,  1.4593e-008,
2021/02/18 23:40:38.998,   42.167,  1.4817e-008,
2021/02/18 23:40:39.019,   42.333,  1.3906e-008,
2021/02/18 23:40:39.040,   42.500,  7.3428e-009,
2021/02/18 23:40:39.061,   42.667,  1.5047e-008,
2021/02/18 23:40:39.081,   42.833,  1.8165e-008,
2021/02/18 23:40:39.102,   43.000,  1.4024e-008,
2021/02/18 23:40:39.123,   43.167,  1.6649e-008,
2021/02/18 23:40:39.144,   43.333,  1.2818e-008,
2021/02/18 23:40:39.165,   43.500,  1.2828e-008,
2021/02/18 23:40:39.186,   43.667,  3.0098e-008,
2021/02/18 23:40:39.206,   43.833,  3.5452e-008,
2021/02/18 23:40:39.227,   44.000,  3.7848e-008,
2021/02/18 23:40:39.248,   44.167,  3.5642e-008,
2021/02/18 23:40:39.269,   44.333,  2.7015e-008,
2021/02/18 23:40:39.290,   44.500,  7.2730e-009,
2021/02/18 23:40:39.311,   44.667,  4.9980e-009,
2021/02/18 23:40:39.331,   44.833,  5.1333e-009,
2021/02/18 23:40:39.352,   45.000,  5.4420e-009,
2021/02/18 23:40:39.373,   45.167,  5.1839e-009,
2021/02/18 23:40:39.394,   45.333,  5.4697e-009,
2021/02/18 23:40:39.415,   45.500,  9.0599e-010,
2021/02/18 23:40:39.436,   45.667,  2.6453e-009,
2021/02/18 23:40:39.456,   45.833,  3.7284e-009,
2021/02/18 23:40:39.477,   46.000,  4.3352e-009,
2021/02/18 23:40:39.498,   46.167,  2.9775e-009,
2021/02/18 23:40:39.519,   46.333,  1.9510e-009,
2021/02/18 23:40:39.540,   46.500,  3.3459e-009,
2021/02/18 23:40:39.561,   46.667,  8.5609e-011,
2021/02/18 23:40:39.581,   46.833,  2.2529e-009,
2021/02/18 23:40:39.602,   47.000,  1.9541e-009,
2021/02/18 23:40:39.623,   47.167,  2.6330e-009,
2021/02/18 23:40:39.644,   47.333,  4.2955e-011,
2021/02/18 23:40:39.665,   47.500,  3.3261e-009,
2021/02/18 23:40:39.686,   47.667,  0.0000e+000,
2021/02/18 23:40:39.706,   47.833,  7.1439e-009,
2021/02/18 23:40:39.727,   48.000,  5.8365e-009,
2021/02/18 23:40:39.748,   48.167,  4.2955e-009,
2021/02/18 23:40:39.769,   48.333,  2.5493e-009,
2021/02/18 23:40:39.790,   48.500,  0.0000e+000,
2021/02/18 23:40:39.811,   48.667,  5.6500e-009,
2021/02/18 23:40:39.831,   48.833,  4.8771e-009,
2021/02/18 23:40:39.852,   49.000,  1.9630e-009,
2021/02/18 23:40:39.873,   49.167,  1.3166e-009,
2021/02/18 23:40:39.894,   49.333,  2.0608e-009,
2021/02/18 23:40:39.915,   49.500,  5.0568e-009,
2021/02/18 23:40:39.936,   49.667,  6.8009e-009,
2021/02/18 23:40:39.956,   49.833,  1.7333e-009,
2021/02/18 23:40:39.977,   50.000,  8.7530e-009,
2021/02/18 23:40:39.998,   50.167,  9.6787e-009,
2021/02/18 23:40:40.019,   50.333,  5.7924e-009,
2021/02/18 23:40:40.040,   50.500,  6.5640e-009,
2021/02/18 23:40:40.061,   50.667,  1.7836e-009,
2021/02/18 23:40:40.081,   50.833,  4.5188e-009,
2021/02/18 23:40:40.102,   51.000,  2.6176e-009,
2021/02/18 23:40:40.123,   51.167,  6.5737e-009,
2021/02/18 23:40:40.144,   51.333,  1.1492e-009,
2021/02/18 23:40:40.165,   51.500,  2.7463e-009,
2021/02/18 23:40:40.186,   51.667,  1.0318e-008,
2021/02/18 23:40:40.206,   51.833,  3.7647e-009,
2021/02/18 23:40:40.227,   52.000,  4.4337e-009,
2021/02/18 23:40:40.248,   52.167,  4.8799e-009,
2021/02/18 23:40:40.269,   52.333,  5.7597e-010,
2021/02/18 23:40:40.290,   52.500,  2.2771e-009,
2021/02/18 23:40:40.311,   52.667,  5.4711e-009,
2021/02/18 23:40:40.331,   52.833,  4.7694e-009,
2021/02/18 23:40:40.352,   53.000,  6.4718e-009,
2021/02/18 23:40:40.373,   53.167,  9.4763e-009,
2021/02/18 23:40:40.394,   53.333,  7.7116e-009,
2021/02/18 23:40:40.415,   53.500,  5.9129e-009,
2021/02/18 23:40:40.436,   53.667,  6.2231e-009,
2021/02/18 23:40:40.456,   53.833,  7.9981e-009,
2021/02/18 23:40:40.477,   54.000,  4.9694e-009,
2021/02/18 23:40:40.498,   54.167,  4.0772e-009,
2021/02/18 23:40:40.519,   54.333,  3.5753e-009,
2021/02/18 23:40:40.540,   54.500,  1.0245e-012,
2021/02/18 23:40:40.561,   54.667,  1.6225e-008,
2021/02/18 23:40:40.581,   54.833,  1.3549e-008,
2021/02/18 23:40:40.602,   55.000,  1.9555e-008,
2021/02/18 23:40:40.623,   55.167,  1.5301e-008,
2021/02/18 23:40:40.644,   55.333,  1.3272e-008,
2021/02/18 23:40:40.665,   55.500,  8.6634e-009,
2021/02/18 23:40:40.686,   55.667,  9.9682e-009,
2021/02/18 23:40:40.706,   55.833,  8.6283e-009,
2021/02/18 23:40:40.727,   56.000,  1.5152e-008,
2021/02/18 23:40:40.748,   56.167,  1.4354e-008,
2021/02/18 23:40:40.769,   56.333,  1.1232e-008,
2021/02/18 23:40:40.790,   56.500,  9.1423e-009,
2021/02/18 23:40:40.811,   56.667,  5.8312e-009,
2021/02/18 23:40:40.831,   56.833,  1.1738e-008,
2021/02/18 23:40:40.852,   57.000,  1.3888e-008,
2021/02/18 23:40:40.873,   57.167,  1.0020e-008,
2021/02/18 23:40:40.894,   57.333,  6.9420e-009,
2021/02/18 23:40:40.915,   57.500,  5.4859e-009,
2021/02/18 23:40:40.936,   57.667,  3.6072e-009,
2021/02/18 23:40:40.956,   57.833,  1.8396e-009,
2021/02/18 23:40:40.977,   58.000,  8.2514e-009,
2021/02/18 23:40:40.998,   58.167,  8.4068e-009,
2021/02/18 23:40:41.019,   58.333,  7.5475e-009,
2021/02/18 23:40:41.040,   58.500,  2.9183e-009,
2021/02/18 23:40:41.061,   58.667,  5.9118e-009,
2021/02/18 23:40:41.081,   58.833,  1.2035e-008,
2021/02/18 23:40:41.102,   59.000,  5.5710e-009,
2021/02/18 23:40:41.123,   59.167,  8.9921e-009,
2021/02/18 23:40:41.144,   59.333,  8.0242e-009,
2021/02/18 23:40:41.165,   59.500,  0.0000e+000,
2021/02/18 23:40:41.186,   59.667,  8.4428e-010,
2021/02/18 23:40:41.206,   59.833,  7.5825e-009,
2021/02/18 23:40:41.227,   60.000,  5.4035e-009,
2021/02/18 23:40:41.248,   60.167,  1.4412e-009,
2021/02/18 23:40:41.269,   60.333,  5.2989e-009,
2021/02/18 23:40:41.290,   60.500,  2.2322e-009,
2021/02/18 23:40:41.311,   60.667,  6.4683e-009,
2021/02/18 23:40:41.331,   60.833,  3.9664e-009,
2021/02/18 23:40:41.352,   61.000,  7.0743e-009,
2021/02/18 23:40:41.373,   61.167,  4.3578e-009,
2021/02/18 23:40:41.394,   61.333,  4.7815e-009,
2021/02/18 23:40:41.415,   61.500,  1.0768e-009,
2021/02/18 23:40:41.436,   61.667,  5.9375e-009,
2021/02/18 23:40:41.456,   61.833,  8.3858e-010,
2021/02/18 23:40:41.477,   62.000,  2.9567e-009,
2021/02/18 23:40:41.498,   62.167,  7.1527e-009,
2021/02/18 23:40:41.519,   62.333,  4.4699e-009,
2021/02/18 23:40:41.540,   62.500,  6.4434e-009,
2021/02/18 23:40:41.561,   62.667,  2.1573e-009,
2021/02/18 23:40:41.581,   62.833,  1.7489e-009,
2021/02/18 23:40:41.602,   63.000,  2.7671e-009,
2021/02/18 23:40:41.623,   63.167,  7.4591e-009,
2021/02/18 23:40:41.644,   63.333,  2.8302e-009,
2021/02/18 23:40:41.665,   63.500,  6.8612e-010,
2021/02/18 23:40:41.686,   63.667,  3.8260e-009,
2021/02/18 23:40:41.706,   63.833,  3.1229e-009,
2021/02/18 23:40:41.727,   64.000,  5.1049e-009,
2021/02/18 23:40:41.748,   64.167,  7.2061e-010,
2021/02/18 23:40:41.769,   64.333,  2.2855e-009,
2021/02/18 23:40:41.790,   64.500,  3.0352e-009,
2021/02/18 23:40:41.811,   64.667,  1.4745e-009,
2021/02/18 23:40:41.831,   64.833,  0.0000e+000,
2021/02/18 23:40:41.852,   65.000,  7.8013e-010,
2021/02/18 23:40:41.873,   65.167,  5.6780e-009,
2021/02/18 23:40:41.894,   65.333,  1.9671e-009,
2021/02/18 23:40:41.915,   65.500,  6.1166e-009,
2021/02/18 23:40:41.936,   65.667,  2.3281e-009,
2021/02/18 23:40:41.956,   65.833,  7.3949e-009,
2021/02/18 23:40:41.977,   66.000,  2.7971e-009,
2021/02/18 23:40:41.998,   66.167,  5.5694e-009,
2021/02/18 23:40:42.019,   66.333,  1.2565e-009,
2021/02/18 23:40:42.040,   66.500,  4.1738e-009,
2021/02/18 23:40:42.061,   66.667,  4.2085e-009,
2021/02/18 23:40:42.081,   66.833,  5.4978e-009,
2021/02/18 23:40:42.102,   67.000,  6.6793e-009,
2021/02/18 23:40:42.123,   67.167,  5.1286e-009,
2021/02/18 23:40:42.144,   67.333,  4.9607e-009,
2021/02/18 23:40:42.165,   67.500,  3.2397e-009,
2021/02/18 23:40:42.186,   67.667,  2.3285e-009,
2021/02/18 23:40:42.206,   67.833,  7.3475e-009,
2021/02/18 23:40:42.227,   68.000,  6.9250e-010,
2021/02/18 23:40:42.248,   68.167,  6.1826e-009,
2021/02/18 23:40:42.269,   68.333,  6.8134e-009,
2021/02/18 23:40:42.290,   68.500,  7.8518e-009,
2021/02/18 23:40:42.311,   68.667,  3.7183e-008,
2021/02/18 23:40:42.331,   68.833,  3.6589e-008,
2021/02/18 23:40:42.352,   69.000,  4.1933e-008,
2021/02/18 23:40:42.373,   69.167,  4.0130e-008,
2021/02/18 23:40:42.394,   69.333,  3.5505e-008,
2021/02/18 23:40:42.415,   69.500,  1.7848e-008,
2021/02/18 23:40:42.436,   69.667,  6.2408e-009,
2021/02/18 23:40:42.456,   69.833,  8.9540e-009,
2021/02/18 23:40:42.477,   70.000,  9.8355e-009,
2021/02/18 23:40:42.498,   70.167,  1.0964e-008,
2021/02/18 23:40:42.519,   70.333,  6.4465e-009,
2021/02/18 23:40:42.540,   70.500,  2.3109e-009,
2021/02/18 23:40:42.561,   70.667,  2.8440e-009,
2021/02/18 23:40:42.581,   70.833,  3.2177e-009,
2021/02/18 23:40:42.602,   71.000,  6.2353e-009,
2021/02/18 23:40:42.623,   71.167,  9.7897e-009,
2021/02/18 23:40:42.644,   71.333,  5.4866e-009,
2021/02/18 23:40:42.665,   71.500,  4.5833e-009,
2021/02/18 23:40:42.686,   71.667,  4.4519e-009,
2021/02/18 23:40:42.706,   71.833,  1.8184e-009,
2021/02/18 23:40:42.727,   72.000,  6.1003e-009,
2021/02/18 23:40:42.748,   72.167,  8.4120e-009,
2021/02/18 23:40:42.769,   72.333,  6.3886e-009,
2021/02/18 23:40:42.790,   72.500,  2.4794e-009,
2021/02/18 23:40:42.811,   72.667,  4.6639e-009,
2021/02/18 23:40:42.831,   72.833,  2.5538e-009,
2021/02/18 23:40:42.852,   73.000,  4.7397e-009,
2021/02/18 23:40:42.873,   73.167,  1.8913e-009,
2021/02/18 23:40:42.894,   73.333,  2.8042e-009,
2021/02/18 23:40:42.915,   73.500,  3.2300e-009,
2021/02/18 23:40:42.936,   73.667,  0.0000e+000,
2021/02/18 23:40:42.956,   73.833,  3.0453e-009,
2021/02/18 23:40:42.977,   74.000,  2.6147e-009,
2021/02/18 23:40:42.998,   74.167,  6.9759e-009,
2021/02/18 23:40:43.019,   74.333,  2.7991e-009,
2021/02/18 23:40:43.040,   74.500,  3.5749e-009,
2021/02/18 23:40:43.061,   74.667,  4.0304e-009,
2021/02/18 23:40:43.081,   74.833,  3.9610e-009,
2021/02/18 23:40:43.102,   75.000,  6.6509e-009,
2021/02/18 23:40:43.123,   75.167,  2.5519e-009,
2021/02/18 23:40:43.144,   75.333,  5.4120e-009,
2021/02/18 23:40:43.165,   75.500,  4.7302e-009,
2021/02/18 23:40:43.186,   75.667,  9.1507e-010,
2021/02/18 23:40:43.206,   75.833,  1.1831e-009,
2021/02/18 23:40:43.227,   76.000,  4.1098e-009,
2021/02/18 23:40:43.248,   76.167,  6.2483e-009,
2021/02/18 23:40:43.269,   76.333,  2.1379e-009,
2021/02/18 23:40:43.290,   76.500,  5.1684e-009,
2021/02/18 23:40:43.311,   76.667,  7.0454e-009,
2021/02/18 23:40:43.331,   76.833,  3.0636e-009,
2021/02/18 23:40:43.352,   77.000,  5.6661e-009,
2021/02/18 23:40:43.373,   77.167,  5.1839e-009,
2021/02/18 23:40:43.394,   77.333,  2.0846e-009,
2021/02/18 23:40:43.415,   77.500,  2.1453e-009,
2021/02/18 23:40:43.436,   77.667,  3.9420e-009,
2021/02/18 23:40:43.456,   77.833,  2.0759e-009,
2021/02/18 23:40:43.477,   78.000,  8.3973e-010,
2021/02/18 23:40:43.498,   78.167,  3.8556e-009,
2021/02/18 23:40:43.519,   78.333,  4.2163e-009,
2021/02/18 23:40:43.540,   78.500,  4.7340e-009,
2021/02/18 23:40:43.561,   78.667,  7.0926e-009,
2021/02/18 23:40:43.581,   78.833,  7.6400e-009,
2021/02/18 23:40:43.602,   79.000,  3.2562e-009,
2021/02/18 23:40:43.623,   79.167,  9.3566e-009,
2021/02/18 23:40:43.644,   79.333,  4.8339e-009,
2021/02/18 23:40:43.665,   79.500,  0.0000e+000,
2021/02/18 23:40:43.686,   79.667,  4.7931e-009,
2021/02/18 23:40:43.706,   79.833,  9.1593e-010,
2021/02/18 23:40:43.727,   80.000,  7.0311e-009,
2021/02/18 23:40:43.748,   80.167,  3.7424e-009,
2021/02/18 23:40:43.769,   80.333,  4.2451e-009,
2021/02/18 23:40:43.790,   80.500,  4.3030e-009,
2021/02/18 23:40:43.811,   80.667,  4.1351e-009,
2021/02/18 23:40:43.831,   80.833,  4.5990e-009,
2021/02/18 23:40:43.852,   81.000,  4.1429e-009,
2021/02/18 23:40:43.873,   81.167,  2.7840e-009,
2021/02/18 23:40:43.894,   81.333,  3.4564e-009,
2021/02/18 23:40:43.915,   81.500,  3.1008e-009,
2021/02/18 23:40:43.936,   81.667,  7.4245e-009,
2021/02/18 23:40:43.956,   81.833,  8.5623e-009,
2021/02/18 23:40:43.977,   82.000,  6.7560e-009,
2021/02/18 23:40:43.998,   82.167,  5.2517e-009,
2021/02/18 23:40:44.019,   82.333,  2.3191e-009,
2021/02/18 23:40:44.040,   82.500,  4.6639e-009,
2021/02/18 23:40:44.061,   82.667,  0.0000e+000,
2021/02/18 23:40:44.081,   82.833,  5.0839e-009,
2021/02/18 23:40:44.102,   83.000,  8.3891e-009,
2021/02/18 23:40:44.123,   83.167,  5.8640e-009,
2021/02/18 23:40:44.144,   83.333,  9.0155e-009,
2021/02/18 23:40:44.165,   83.500,  5.5284e-009,
2021/02/18 23:40:44.186,   83.667,  0.0000e+000,
2021/02/18 23:40:44.206,   83.833,  8.0474e-010,
2021/02/18 23:40:44.227,   84.000,  4.3377e-009,
2021/02/18 23:40:44.248,   84.167,  5.0758e-009,
2021/02/18 23:40:44.269,   84.333,  9.4169e-009,
2021/02/18 23:40:44.290,   84.500,  4.2492e-009,
2021/02/18 23:40:44.311,   84.667,  9.3288e-009,
2021/02/18 23:40:44.331,   84.833,  5.7932e-009,
2021/02/18 23:40:44.352,   85.000,  9.1320e-009,
2021/02/18 23:40:44.373,   85.167,  9.8491e-009,
2021/02/18 23:40:44.394,   85.333,  9.8970e-009,
2021/02/18 23:40:44.415,   85.500,  4.2644e-009,
2021/02/18 23:40:44.436,   85.667,  8.8227e-011,
2021/02/18 23:40:44.456,   85.833,  2.6013e-009,
2021/02/18 23:40:44.477,   86.000,  0.0000e+000,
2021/02/18 23:40:44.498,   86.167,  5.0896e-009,
2021/02/18 23:40:44.519,   86.333,  3.5079e-009,
2021/02/18 23:40:44.540,   86.500,  3.3688e-009,
2021/02/18 23:40:44.561,   86.667,  2.7745e-009,
2021/02/18 23:40:44.581,   86.833,  0.0000e+000,
2021/02/18 23:40:44.602,   87.000,  6.1719e-009,
2021/02/18 23:40:44.623,   87.167,  1.0288e-009,
2021/02/18 23:40:44.644,   87.333,  2.8660e-009,
2021/02/18 23:40:44.665,   87.500,  6.6948e-009,
2021/02/18 23:40:44.686,   87.667,  4.3352e-009,
2021/02/18 23:40:44.706,   87.833,  6.4556e-009,
2021/02/18 23:40:44.727,   88.000,  1.0384e-009,
2021/02/18 23:40:44.748,   88.167,  3.7505e-009,
2021/02/18 23:40:44.769,   88.333,  0.0000e+000,
2021/02/18 23:40:44.790,   88.500,  2.5046e-009,
2021/02/18 23:40:44.811,   88.667,  0.0000e+000,
2021/02/18 23:40:44.831,   88.833,  4.1936e-009,
2021/02/18 23:40:44.852,   89.000,  4.7191e-009,
2021/02/18 23:40:44.873,   89.167,  3.6822e-009,
2021/02/18 23:40:44.894,   89.333,  3.5018e-009,
2021/02/18 23:40:44.915,   89.500,  4.0395e-009,
2021/02/18 23:40:44.936,   89.667,  0.0000e+000,
2021/02/18 23:40:44.956,   89.833,  5.2557e-010,
2021/02/18 23:40:44.977,   90.000,  2.3007e-009,
2021/02/18 23:40:44.998,   90.167,  1.0131e-009,
2021/02/18 23:40:45.019,   90.333,  0.0000e+000,
2021/02/18 23:40:45.040,   90.500,  4.8113e-009,
2021/02/18 23:40:45.061,   90.667,  1.4820e-009,
2021/02/18 23:40:45.081,   90.833,  9.0530e-009,
2021/02/18 23:40:45.102,   91.000,  4.7403e-009,
2021/02/18 23:40:45.123,   91.167,  2.0149e-011,
2021/02/18 23:40:45.144,   91.333,  1.6475e-009,
2021/02/18 23:40:45.165,   91.500,  0.0000e+000,
2021/02/18 23:40:45.186,   91.667,  5.7549e-009,
2021/02/18 23:40:45.206,   91.833,  2.2421e-009,
2021/02/18 23:40:45.227,   92.000,  7.0603e-009,
2021/02/18 23:40:45.248,   92.167,  5.5264e-009,
2021/02/18 23:40:45.269,   92.333,  4.5876e-009,
2021/02/18 23:40:45.290,   92.500,  1.4097e-009,
2021/02/18 23:40:45.311,   92.667,  3.8433e-009,
2021/02/18 23:40:45.331,   92.833,  3.9554e-009,
2021/02/18 23:40:45.352,   93.000,  3.1914e-009,
2021/02/18 23:40:45.373,   93.167,  3.7050e-009,
2021/02/18 23:40:45.394,   93.333,  2.3660e-009,
2021/02/18 23:40:45.415,   93.500,  1.0166e-010,
2021/02/18 23:40:45.436,   93.667,  3.0730e-009,
2021/02/18 23:40:45.456,   93.833,  3.7901e-009,
2021/02/18 23:40:45.477,   94.000,  4.0617e-009,
2021/02/18 23:40:45.498,   94.167,  2.6372e-009,
2021/02/18 23:40:45.519,   94.333,  7.1362e-009,
2021/02/18 23:40:45.540,   94.500,  6.7604e-009,
2021/02/18 23:40:45.561,   94.667,  3.6003e-009,
2021/02/18 23:40:45.581,   94.833,  2.7402e-009,
2021/02/18 23:40:45.602,   95.000,  3.1677e-009,
2021/02/18 23:40:45.623,   95.167,  4.7752e-009,
2021/02/18 23:40:45.644,   95.333,  7.2330e-009,
2021/02/18 23:40:45.665,   95.500,  2.4520e-009,
2021/02/18 23:40:45.686,   95.667,  2.1127e-010,
2021/02/18 23:40:45.706,   95.833,  7.0401e-010,
2021/02/18 23:40:45.727,   96.000,  4.5231e-009,
2021/02/18 23:40:45.748,   96.167,  6.3416e-009,
2021/02/18 23:40:45.769,   96.333,  3.9988e-009,
2021/02/18 23:40:45.790,   96.500,  2.7283e-009,
2021/02/18 23:40:45.811,   96.667,  5.2654e-009,
2021/02/18 23:40:45.831,   96.833,  5.4791e-009,
2021/02/18 23:40:45.852,   97.000,  1.6062e-009,
2021/02/18 23:40:45.873,   97.167,  2.5581e-009,
2021/02/18 23:40:45.894,   97.333,  0.0000e+000,
2021/02/18 23:40:45.915,   97.500,  8.7968e-009,
2021/02/18 23:40:45.936,   97.667,  4.4657e-009,
2021/02/18 23:40:45.956,   97.833,  8.2314e-010,
2021/02/18 23:40:45.977,   98.000,  2.1921e-009,
2021/02/18 23:40:45.998,   98.167,  1.7029e-009,
2021/02/18 23:40:46.019,   98.333,  5.7589e-009,
2021/02/18 23:40:46.040,   98.500,  7.5882e-009,
2021/02/18 23:40:46.061,   98.667,  1.0122e-008,
2021/02/18 23:40:46.081,   98.833,  1.2528e-008,
2021/02/18 23:40:46.102,   99.000,  1.3155e-008,
2021/02/18 23:40:46.123,   99.167,  1.2522e-008,
2021/02/18 23:40:46.144,   99.333,  8.4060e-009,
2021/02/18 23:40:46.165,   99.500,  4.4464e-009,
2021/02/18 23:40:46.186,   99.667,  7.2527e-009,
2021/02/18 23:40:46.206,   99.833,  9.8285e-009,
2021/02/18 23:40:46.227,  100.000,  1.0390e-008,
2021/02/18 23:40:46.248,  100.167,  1.0719e-008,
2021/02/18 23:40:46.269,  100.333,  7.6164e-009,
2021/02/18 23:40:46.290,  100.500,  8.9191e-010,
2021/02/18 23:40:46.311,  100.667,  3.1176e-009,
2021/02/18 23:40:46.331,  100.833,  3.9964e-009,
2021/02/18 23:40:46.352,  101.000,  8.2494e-010,
2021/02/18 23:40:46.373,  101.167,  1.9049e-009,
2021/02/18 23:40:46.394,  101.333,  5.6092e-009,
2021/02/18 23:40:46.415,  101.500,  1.4553e-009,
2021/02/18 23:40:46.436,  101.667,  0.0000e+000,
2021/02/18 23:40:46.456,  101.833,  7.0970e-009,
2021/02/18 23:40:46.477,  102.000,  0.0000e+000,
2021/02/18 23:40:46.498,  102.167,  1.8637e-009,
2021/02/18 23:40:46.519,  102.333,  8.9964e-010,
2021/02/18 23:40:46.540,  102.500,  2.2142e-009,
2021/02/18 23:40:46.561,  102.667,  2.0225e-009,
2021/02/18 23:40:46.581,  102.833,  6.7992e-009,
2021/02/18 23:40:46.602,  103.000,  4.7379e-009,
2021/02/18 23:40:46.623,  103.167,  3.0803e-009,
2021/02/18 23:40:46.644,  103.333,  1.8820e-009,
2021/02/18 23:40:46.665,  103.500,  2.1942e-009,
2021/02/18 23:40:46.686,  103.667,  4.3549e-009,
2021/02/18 23:40:46.706,  103.833,  3.7347e-009,
2021/02/18 23:40:46.727,  104.000,  3.0541e-009,
2021/02/18 23:40:46.748,  104.167,  9.0539e-009,
2021/02/18 23:40:46.769,  104.333,  9.6255e-009,
2021/02/18 23:40:46.790,  104.500,  5.1190e-009,
2021/02/18 23:40:46.811,  104.667,  1.2742e-009,
2021/02/18 23:40:46.831,  104.833,  3.2086e-009,
2021/02/18 23:40:46.852,  105.000,  2.2644e-009,
2021/02/18 23:40:46.873,  105.167,  2.9220e-009,
2021/02/18 23:40:46.894,  105.333,  3.2213e-009,
2021/02/18 23:40:46.915,  105.500,  4.6201e-009,
2021/02/18 23:40:46.936,  105.667,  4.0024e-009,
2021/02/18 23:40:46.956,  105.833,  1.1275e-009,
2021/02/18 23:40:46.977,  106.000,  5.0117e-009,
2021/02/18 23:40:46.998,  106.167,  1.4244e-010,
2021/02/18 23:40:47.019,  106.333,  0.0000e+000,
2021/02/18 23:40:47.040,  106.500,  1.7518e-009,
2021/02/18 23:40:47.061,  106.667,  2.0569e-009,
2021/02/18 23:40:47.081,  106.833,  1.0430e-009,
2021/02/18 23:40:47.102,  107.000,  0.0000e+000,
2021/02/18 23:40:47.123,  107.167,  6.2968e-009,
2021/02/18 23:40:47.144,  107.333,  2.3388e-009,
2021/02/18 23:40:47.165,  107.500,  5.8389e-009,
2021/02/18 23:40:47.186,  107.667,  0.0000e+000,
2021/02/18 23:40:47.206,  107.833,  0.0000e+000,
2021/02/18 23:40:47.227,  108.000,  2.3646e-009,
2021/02/18 23:40:47.248,  108.167,  3.8499e-009,
2021/02/18 23:40:47.269,  108.333,  7.5548e-010,
2021/02/18 23:40:47.290,  108.500,  0.0000e+000,
2021/02/18 23:40:47.311,  108.667,  6.9862e-009,
2021/02/18 23:40:47.331,  108.833,  3.5473e-009,
2021/02/18 23:40:47.352,  109.000,  4.0210e-009,
2021/02/18 23:40:47.373,  109.167,  4.8965e-009,
2021/02/18 23:40:47.394,  109.333,  3.7052e-009,
2021/02/18 23:40:47.415,  109.500,  3.7358e-009,
2021/02/18 23:40:47.436,  109.667,  8.5985e-009,
2021/02/18 23:40:47.456,  109.833,  3.4995e-009,
2021/02/18 23:40:47.477,  110.000,  2.2241e-009,
2021/02/18 23:40:47.498,  110.167,  3.3323e-009,
2021/02/18 23:40:47.519,  110.333,  2.4401e-009,
2021/02/18 23:40:47.540,  110.500,  6.9975e-009,
2021/02/18 23:40:47.561,  110.667,  2.6065e-009,
2021/02/18 23:40:47.581,  110.833,  3.9161e-009,
2021/02/18 23:40:47.602,  111.000,  2.2320e-009,
2021/02/18 23:40:47.623,  111.167,  2.4483e-009,
2021/02/18 23:40:47.644,  111.333,  0.0000e+000,
2021/02/18 23:40:47.665,  111.500,  0.0000e+000,
2021/02/18 23:40:47.686,  111.667,  1.6700e-009,
2021/02/18 23:40:47.706,  111.833,  6.2784e-009,
2021/02/18 23:40:47.727,  112.000,  4.9019e-009,
2021/02/18 23:40:47.748,  112.167,  2.5498e-009,
2021/02/18 23:40:47.769,  112.333,  7.4961e-010,
2021/02/18 23:40:47.790,  112.500,  4.5619e-009,
2021/02/18 23:40:47.811,  112.667,  2.3752e-009,
2021/02/18 23:40:47.831,  112.833,  1.4865e-009,
2021/02/18 23:40:47.852,  113.000,  3.8062e-009,
2021/02/18 23:40:47.873,  113.167,  2.0233e-009,
2021/02/18 23:40:47.894,  113.333,  1.0930e-009,
2021/02/18 23:40:47.915,  113.500,  8.8298e-009,
2021/02/18 23:40:47.936,  113.667,  1.0298e-009,
2021/02/18 23:40:47.956,  113.833,  1.1006e-009,
2021/02/18 23:40:47.977,  114.000,  5.8581e-009,
2021/02/18 23:40:47.998,  114.167,  4.5783e-009,
2021/02/18 23:40:48.019,  114.333,  0.0000e+000,
2021/02/18 23:40:48.040,  114.500,  1.2430e-009,
2021/02/18 23:40:48.061,  114.667,  5.9872e-009,
2021/02/18 23:40:48.081,  114.833,  1.5160e-009,
2021/02/18 23:40:48.102,  115.000,  2.3774e-009,
2021/02/18 23:40:48.123,  115.167,  1.9593e-009,
2021/02/18 23:40:48.144,  115.333,  4.6092e-009,
2021/02/18 23:40:48.165,  115.500,  5.9184e-009,
2021/02/18 23:40:48.186,  115.667,  4.3063e-009,
2021/02/18 23:40:48.206,  115.833,  0.0000e+000,
2021/02/18 23:40:48.227,  116.000,  3.5849e-009,
2021/02/18 23:40:48.248,  116.167,  6.9398e-009,
2021/02/18 23:40:48.269,  116.333,  5.1936e-009,
2021/02/18 23:40:48.290,  116.500,  1.4367e-009,
2021/02/18 23:40:48.311,  116.667,  0.0000e+000,
2021/02/18 23:40:48.331,  116.833,  0.0000e+000,
2021/02/18 23:40:48.352,  117.000,  5.0365e-009,
2021/02/18 23:40:48.373,  117.167,  3.1579e-009,
2021/02/18 23:40:48.394,  117.333,  2.0986e-009,
2021/02/18 23:40:48.415,  117.500,  7.5233e-009,
2021/02/18 23:40:48.436,  117.667,  2.3310e-009,
2021/02/18 23:40:48.456,  117.833,  0.0000e+000,
2021/02/18 23:40:48.477,  118.000,  6.7351e-009,
2021/02/18 23:40:48.498,  118.167,  2.3345e-010,
2021/02/18 23:40:48.519,  118.333,  7.5315e-010,
2021/02/18 23:40:48.540,  118.500,  1.2344e-009,
2021/02/18 23:40:48.561,  118.667,  1.8225e-009,
2021/02/18 23:40:48.581,  118.833,  2.2952e-009,
2021/02/18 23:40:48.602,  119.000,  5.4737e-009,
2021/02/18 23:40:48.623,  119.167,  2.8698e-009,
2021/02/18 23:40:48.644,  119.333,  2.7735e-009,
2021/02/18 23:40:48.665,  119.500,  4.9942e-009,
2021/02/18 23:40:48.686,  119.667,  1.6284e-010,
2021/02/18 23:40:48.706,  119.833,  5.7388e-010,
2021/02/18 23:40:48.727,  120.000,  2.0775e-009,
2021/02/18 23:40:48.748,  120.167,  1.0567e-009,
2021/02/18 23:40:48.769,  120.333,  4.2270e-009,
2021/02/18 23:40:48.790,  120.500,  1.2800e-009,
